filename,width,height,class,xmin,ymin,xmax,ymax
IMG_2620.jpg,640,480,bowl,278,127,405,222
IMG_2031_h.jpg,640,480,cup,274,123,428,332
IMG_2739.jpg,640,480,cup,200,181,311,325
IMG_2540.jpg,640,480,bowl,147,233,333,350
IMG_2248.jpg,640,480,kettle,86,130,438,386
IMG_1864_h.jpg,640,480,bowl,223,328,463,452
IMG_1918_h.jpg,640,480,cup,304,135,424,308
IMG_1880.jpg,640,480,bowl,130,277,401,427
IMG_2160.jpg,640,480,kettle,136,165,300,333
IMG_1798_h.jpg,640,480,kettle,194,46,532,339
IMG_2259_h.jpg,640,480,kettle,234,112,524,406
IMG_1766_h.jpg,640,480,kettle,184,95,361,370
IMG_2079.jpg,640,480,kettle,246,132,401,332
IMG_2245_h.jpg,640,480,kettle,204,132,533,397
IMG_2733.jpg,640,480,cup,180,210,320,362
IMG_2216.jpg,640,480,kettle,242,78,442,360
IMG_1777.jpg,640,480,kettle,242,54,463,377
IMG_2076.jpg,640,480,kettle,257,136,415,315
IMG_2546_h.jpg,640,480,bowl,282,139,488,250
IMG_2233.jpg,640,480,kettle,142,150,333,410
IMG_1883_h.jpg,640,480,bowl,203,114,528,297
IMG_2551_h.jpg,640,480,bowl,276,155,496,263
IMG_2076_h.jpg,640,480,kettle,225,136,383,315
IMG_1728_h.jpg,640,480,bottle,313,58,424,373
IMG_1756.jpg,640,480,bottle,235,73,333,311
IMG_1699_h.jpg,640,480,bottle,305,63,451,418
IMG_2400_h.jpg,640,480,bottle,357,83,456,340
IMG_2650_h.jpg,640,480,cup,309,139,464,276
IMG_1949.jpg,640,480,cup,213,208,403,409
IMG_1843_h.jpg,640,480,bowl,225,193,459,312
IMG_1897_h.jpg,640,480,cup,252,29,490,237
IMG_1723_h.jpg,640,480,bottle,266,100,390,430
IMG_1828_h.jpg,640,480,bowl,127,62,615,261
IMG_2238.jpg,640,480,kettle,165,42,437,382
IMG_2297.jpg,640,480,bottle,262,151,380,433
IMG_2269.jpg,640,480,bottle,202,81,282,343
IMG_1728.jpg,640,480,bottle,216,58,327,373
IMG_1860.jpg,640,480,bowl,181,314,388,401
IMG_2388_h.jpg,640,480,bottle,299,138,391,385
IMG_2392.jpg,640,480,bottle,169,71,279,350
IMG_2293.jpg,640,480,bottle,194,131,331,440
IMG_2687.jpg,640,480,cup,150,120,312,275
IMG_2205_h.jpg,640,480,kettle,264,82,566,396
IMG_2274_h.jpg,640,480,bottle,367,52,464,331
IMG_2432_h.jpg,640,480,bottle,371,54,460,291
IMG_1997_h.jpg,640,480,cup,267,74,422,306
IMG_2222_h.jpg,640,480,kettle,194,185,442,450
IMG_2296_h.jpg,640,480,bottle,276,142,391,430
IMG_1900_h.jpg,640,480,cup,297,20,493,284
IMG_2209_h.jpg,640,480,kettle,271,106,483,394
IMG_1719_h.jpg,640,480,bottle,299,112,398,380
IMG_1898_h.jpg,640,480,cup,237,42,492,261
IMG_2133.jpg,640,480,kettle,17,62,270,273
IMG_1799.jpg,640,480,kettle,143,38,463,331
IMG_2297_h.jpg,640,480,bottle,260,151,378,433
IMG_2087_h.jpg,640,480,kettle,278,216,422,357
IMG_2547.jpg,640,480,bowl,165,159,353,262
IMG_1853.jpg,640,480,bowl,135,169,392,294
IMG_1692_h.jpg,640,480,bottle,291,81,402,398
IMG_2187.jpg,640,480,kettle,151,85,382,360
IMG_2708.jpg,640,480,cup,130,138,315,299
IMG_1821_h.jpg,640,480,bowl,201,160,494,361
IMG_1688.jpg,640,480,kettle,106,67,436,433
IMG_1842_h.jpg,640,480,bowl,206,77,483,250
IMG_1842.jpg,640,480,bowl,157,77,434,250
IMG_2536.jpg,640,480,bowl,131,233,312,358
IMG_1910_h.jpg,640,480,cup,297,142,438,337
IMG_2701.jpg,640,480,cup,168,96,302,267
IMG_2456_h.jpg,640,480,bottle,342,181,472,411
IMG_2227.jpg,640,480,kettle,111,139,414,376
IMG_2193.jpg,640,480,kettle,169,82,358,366
IMG_2292_h.jpg,640,480,bottle,321,123,430,426
IMG_2083_h.jpg,640,480,kettle,288,197,446,333
IMG_2176_h.jpg,640,480,kettle,295,181,497,374
IMG_2400.jpg,640,480,bottle,184,83,283,340
IMG_2129.jpg,640,480,kettle,169,57,344,223
IMG_1916_h.jpg,640,480,cup,262,62,432,303
IMG_2708_h.jpg,640,480,cup,325,138,510,299
IMG_2536_h.jpg,640,480,bowl,328,233,509,358
IMG_1705.jpg,640,480,bottle,190,37,316,455
IMG_1790.jpg,640,480,kettle,212,150,450,397
IMG_2550.jpg,640,480,bowl,155,143,382,253
IMG_1995.jpg,640,480,cup,208,71,368,306
IMG_2238_h.jpg,640,480,kettle,203,42,475,382
IMG_2241_h.jpg,640,480,kettle,177,67,480,385
IMG_2190.jpg,640,480,kettle,173,78,361,368
IMG_1942.jpg,640,480,cup,185,83,418,287
IMG_2674.jpg,640,480,cup,220,177,321,321
IMG_2049.jpg,640,480,cup,241,102,393,308
IMG_2436.jpg,640,480,bottle,167,70,270,299
IMG_2624_h.jpg,640,480,bowl,311,127,467,223
IMG_2531.jpg,640,480,bowl,29,132,269,234
IMG_1736_h.jpg,640,480,bottle,333,73,403,273
IMG_1736_h.jpg,640,480,bottle,192,99,276,291
IMG_1993.jpg,640,480,cup,204,62,385,282
IMG_1705_h.jpg,640,480,bottle,324,37,450,455
IMG_2714_h.jpg,640,480,cup,377,135,524,273
IMG_1784.jpg,640,480,kettle,230,146,422,346
IMG_2727.jpg,640,480,cup,214,111,329,270
IMG_2157.jpg,640,480,kettle,143,157,340,344
IMG_2447_h.jpg,640,480,bottle,344,153,431,341
IMG_2283.jpg,640,480,bottle,179,85,283,389
IMG_2268.jpg,640,480,bottle,202,78,288,343
IMG_2068.jpg,640,480,kettle,237,123,385,300
IMG_2006.jpg,640,480,cup,217,151,438,388
IMG_1780.jpg,640,480,kettle,255,134,472,390
IMG_2541.jpg,640,480,bowl,151,245,328,364
IMG_2267.jpg,640,480,bottle,208,74,278,339
IMG_2292.jpg,640,480,bottle,210,123,319,426
IMG_2087.jpg,640,480,kettle,218,216,362,357
IMG_2006_h.jpg,640,480,cup,202,151,423,388
IMG_2699.jpg,640,480,cup,173,102,333,284
IMG_2215_h.jpg,640,480,kettle,168,82,409,365
IMG_2669.jpg,640,480,cup,217,230,347,378
IMG_2549_h.jpg,640,480,bowl,282,150,477,265
IMG_2721_h.jpg,640,480,cup,375,98,533,276
IMG_2741_h.jpg,640,480,cup,330,180,443,311
IMG_2017.jpg,640,480,cup,110,144,356,352
IMG_2060.jpg,640,480,kettle,229,124,376,316
IMG_1890_h.jpg,640,480,bowl,297,139,558,308
IMG_2742.jpg,640,480,cup,206,186,325,335
IMG_1727_h.jpg,640,480,bottle,194,60,303,397
IMG_2028.jpg,640,480,cup,276,165,463,352
IMG_1867.jpg,640,480,bowl,87,125,405,306
IMG_2702.jpg,640,480,cup,188,111,311,269
IMG_2143_h.jpg,640,480,kettle,320,164,501,307
IMG_1885_h.jpg,640,480,bowl,215,104,519,306
IMG_1835_h.jpg,640,480,bowl,177,112,505,356
IMG_2387_h.jpg,640,480,bottle,295,155,377,407
IMG_2719.jpg,640,480,cup,163,208,287,358
IMG_1868.jpg,640,480,bowl,99,106,402,318
IMG_1836_h.jpg,640,480,bowl,174,168,496,312
IMG_2740.jpg,640,480,cup,184,180,295,327
IMG_2124_h.jpg,640,480,kettle,155,79,353,274
IMG_2196_h.jpg,640,480,kettle,268,87,521,377
IMG_1840_h.jpg,640,480,bowl,244,148,500,269
IMG_1732.jpg,640,480,bottle,271,71,394,344
IMG_2192.jpg,640,480,kettle,181,86,356,362
IMG_2256.jpg,640,480,kettle,82,96,418,380
IMG_1998_h.jpg,640,480,cup,279,74,432,288
IMG_1939.jpg,640,480,cup,227,143,422,340
IMG_2128.jpg,640,480,kettle,180,81,361,263
IMG_2697_h.jpg,640,480,cup,374,119,540,257
IMG_1690_h.jpg,640,480,kettle,201,71,475,426
IMG_2640_h.jpg,640,480,bowl,264,63,426,198
IMG_1862.jpg,640,480,bowl,158,202,384,323
IMG_1829.jpg,640,480,bowl,95,63,460,202
IMG_1760.jpg,640,480,bottle,181,79,294,413
IMG_1915_h.jpg,640,480,cup,260,54,447,317
IMG_2711_h.jpg,640,480,cup,348,171,516,321
IMG_2544.jpg,640,480,bowl,135,135,340,238
IMG_2184.jpg,640,480,kettle,136,94,393,378
IMG_2290_h.jpg,640,480,bottle,356,161,467,454
IMG_2289.jpg,640,480,bottle,156,163,299,446
IMG_2628.jpg,640,480,bowl,274,134,430,247
IMG_1905_h.jpg,640,480,cup,255,136,411,331
IMG_2279.jpg,640,480,bottle,210,108,296,366
IMG_2065.jpg,640,480,kettle,274,157,419,324
IMG_1930_h.jpg,640,480,cup,234,24,489,235
IMG_2555_h.jpg,640,480,bowl,308,124,510,229
IMG_1908_h.jpg,640,480,cup,234,130,447,299
IMG_2619_h.jpg,640,480,bowl,288,124,439,205
IMG_2744.jpg,640,480,cup,200,186,336,340
IMG_2411_h.jpg,640,480,bottle,383,130,501,369
IMG_2156.jpg,640,480,kettle,138,169,362,349
IMG_2089.jpg,640,480,kettle,241,142,409,294
IMG_2610.jpg,640,480,bowl,255,147,397,230
IMG_2191_h.jpg,640,480,kettle,259,73,472,389
IMG_2222.jpg,640,480,kettle,198,185,446,450
IMG_2705_h.jpg,640,480,cup,328,122,490,282
IMG_1752.jpg,640,480,cup,110,167,202,312
IMG_1752.jpg,640,480,bottle,284,38,415,385
IMG_2714.jpg,640,480,cup,116,135,263,273
IMG_2549.jpg,640,480,bowl,163,150,358,265
IMG_1781.jpg,640,480,kettle,143,144,361,343
IMG_2153_h.jpg,640,480,kettle,223,131,426,307
IMG_1820.jpg,640,480,bowl,77,156,468,382
IMG_2139.jpg,640,480,kettle,120,102,348,292
IMG_2406_h.jpg,640,480,bottle,378,115,467,364
IMG_2226.jpg,640,480,kettle,119,140,451,382
IMG_1845.jpg,640,480,bowl,151,77,438,238
IMG_2140.jpg,640,480,kettle,124,108,384,303
IMG_2270_h.jpg,640,480,bottle,349,69,423,348
IMG_1798.jpg,640,480,kettle,108,46,446,339
IMG_1884_h.jpg,640,480,bowl,172,124,515,332
IMG_1800_h.jpg,640,480,kettle,264,85,454,336
IMG_2040.jpg,640,480,cup,128,98,405,331
IMG_2177.jpg,640,480,kettle,172,106,346,385
IMG_1917.jpg,640,480,cup,229,152,389,358
IMG_1762_h.jpg,640,480,bottle,336,104,435,390
IMG_1793_h.jpg,640,480,kettle,157,96,402,348
IMG_2683_h.jpg,640,480,cup,280,197,423,329
IMG_1889_h.jpg,640,480,bowl,264,128,582,326
IMG_2615_h.jpg,640,480,bowl,346,165,514,251
IMG_2234.jpg,640,480,kettle,177,148,357,418
IMG_1833.jpg,640,480,bowl,111,131,427,332
IMG_2074.jpg,640,480,kettle,253,190,406,378
IMG_1882.jpg,640,480,bowl,87,140,466,352
IMG_1758.jpg,640,480,bottle,188,122,306,409
IMG_2303_h.jpg,640,480,bottle,252,169,405,446
IMG_1879_h.jpg,640,480,bowl,222,255,561,466
IMG_1869.jpg,640,480,bowl,71,50,364,218
IMG_1805_h.jpg,640,480,kettle,156,134,416,411
IMG_2054.jpg,640,480,cup,270,156,407,335
IMG_2633.jpg,640,480,bowl,235,127,396,249
IMG_1771_h.jpg,640,480,kettle,259,57,524,364
IMG_2246.jpg,640,480,kettle,85,120,446,398
IMG_1725_h.jpg,640,480,bottle,288,87,402,369
IMG_2013.jpg,640,480,cup,126,120,370,320
IMG_2434.jpg,640,480,bottle,188,74,278,303
IMG_2029_h.jpg,640,480,cup,226,122,438,344
IMG_2655_h.jpg,640,480,cup,350,104,457,233
IMG_1933.jpg,640,480,cup,130,34,382,265
IMG_2279_h.jpg,640,480,bottle,344,108,430,366
IMG_1885.jpg,640,480,bowl,121,104,425,306
IMG_1764_h.jpg,640,480,kettle,242,91,464,339
IMG_1764_h.jpg,640,480,bottle,91,103,174,319
IMG_2038_h.jpg,640,480,cup,202,79,442,332
IMG_2736_h.jpg,640,480,cup,358,156,477,313
IMG_2683.jpg,640,480,cup,217,197,360,329
IMG_2438_h.jpg,640,480,bottle,364,57,476,275
IMG_2731.jpg,640,480,cup,122,100,300,237
IMG_2644.jpg,640,480,bowl,274,52,433,190
IMG_1834.jpg,640,480,bowl,98,201,423,385
IMG_1891_h.jpg,640,480,bowl,295,114,557,308
IMG_2172.jpg,640,480,kettle,128,155,397,378
IMG_2691_h.jpg,640,480,cup,341,100,481,253
IMG_2055_h.jpg,640,480,cup,280,115,427,304
IMG_1741_h.jpg,640,480,bottle,349,90,420,332
IMG_1741_h.jpg,640,480,bottle,205,111,297,444
IMG_2031.jpg,640,480,cup,212,123,366,332
IMG_2162.jpg,640,480,kettle,138,150,294,329
IMG_1830_h.jpg,640,480,bowl,211,136,528,269
IMG_2103_h.jpg,640,480,kettle,216,103,402,253
IMG_2121.jpg,640,480,kettle,267,89,422,258
IMG_2042_h.jpg,640,480,cup,279,54,469,284
IMG_2409_h.jpg,640,480,bottle,377,123,484,362
IMG_1814_h.jpg,640,480,bowl,188,157,545,378
IMG_2218.jpg,640,480,kettle,251,99,447,360
IMG_2659_h.jpg,640,480,cup,316,242,424,397
IMG_2189_h.jpg,640,480,kettle,268,103,483,382
IMG_2654_h.jpg,640,480,cup,357,114,485,249
IMG_2131_h.jpg,640,480,kettle,262,89,436,303
IMG_2440.jpg,640,480,bottle,153,48,271,280
IMG_2734.jpg,640,480,cup,173,205,313,346
IMG_2228.jpg,640,480,kettle,135,150,409,376
IMG_1849_h.jpg,640,480,bowl,154,76,386,212
IMG_2252.jpg,640,480,kettle,96,118,426,382
IMG_2132_h.jpg,640,480,kettle,336,91,549,317
IMG_1902_h.jpg,640,480,cup,278,29,545,290
IMG_2281.jpg,640,480,bottle,192,111,294,311
IMG_1883.jpg,640,480,bowl,112,114,437,297
IMG_2065_h.jpg,640,480,kettle,221,157,366,324
IMG_2453_h.jpg,640,480,bottle,315,153,406,364
IMG_2047.jpg,640,480,cup,62,115,258,293
IMG_2235_h.jpg,640,480,kettle,294,157,467,390
IMG_1739.jpg,640,480,bottle,218,106,280,346
IMG_1739.jpg,640,480,bottle,406,127,492,366
IMG_2622.jpg,640,480,bowl,181,134,340,226
IMG_2034.jpg,640,480,cup,179,69,400,317
IMG_2532_h.jpg,640,480,bowl,319,262,521,393
IMG_1796.jpg,640,480,kettle,163,28,439,337
IMG_2074_h.jpg,640,480,kettle,234,190,387,378
IMG_2661.jpg,640,480,cup,175,227,321,377
IMG_1723.jpg,640,480,bottle,250,100,374,430
IMG_1913_h.jpg,640,480,cup,272,150,439,339
IMG_1940.jpg,640,480,cup,167,77,381,278
IMG_2522_h.jpg,640,480,bowl,247,175,464,299
IMG_2187_h.jpg,640,480,kettle,258,85,489,360
IMG_1811.jpg,640,480,kettle,198,120,397,366
IMG_2149_h.jpg,640,480,kettle,222,169,430,329
IMG_2521_h.jpg,640,480,bowl,341,175,569,287
IMG_2391.jpg,640,480,bottle,175,91,278,340
IMG_2160_h.jpg,640,480,kettle,340,165,504,333
IMG_1865.jpg,640,480,bowl,99,39,418,242
IMG_1996.jpg,640,480,cup,225,75,389,304
IMG_1905.jpg,640,480,cup,229,136,385,331
IMG_2041_h.jpg,640,480,cup,258,71,442,316
IMG_2659.jpg,640,480,cup,216,242,324,397
IMG_2273.jpg,640,480,bottle,181,57,269,335
IMG_2257_h.jpg,640,480,kettle,222,98,554,394
IMG_2183_h.jpg,640,480,kettle,255,99,512,382
IMG_2179.jpg,640,480,kettle,192,91,385,368
IMG_2280_h.jpg,640,480,bottle,349,108,431,306
IMG_1995_h.jpg,640,480,cup,272,71,432,306
IMG_1858_h.jpg,640,480,bowl,243,285,470,387
IMG_2647.jpg,640,480,cup,177,100,317,250
IMG_1712.jpg,640,480,bottle,208,33,331,456
IMG_2452_h.jpg,640,480,bottle,349,198,460,406
IMG_2265.jpg,640,480,bottle,209,78,291,345
IMG_2709_h.jpg,640,480,cup,316,126,530,312
IMG_2638_h.jpg,640,480,bowl,186,91,349,229
IMG_2636.jpg,640,480,bowl,216,120,385,242
IMG_2044_h.jpg,640,480,cup,165,107,334,317
IMG_1908.jpg,640,480,cup,193,130,406,299
IMG_2205.jpg,640,480,kettle,74,82,376,396
IMG_2019_h.jpg,640,480,cup,312,231,464,411
IMG_1875.jpg,640,480,bowl,77,221,376,397
IMG_2218_h.jpg,640,480,kettle,193,99,389,360
IMG_2242.jpg,640,480,kettle,196,112,459,398
IMG_2440_h.jpg,640,480,bottle,369,48,487,280
IMG_1866_h.jpg,640,480,bowl,233,132,545,300
IMG_1750_h.jpg,640,480,bottle,342,100,435,319
IMG_1932.jpg,640,480,cup,183,42,382,263
IMG_2533.jpg,640,480,bowl,123,263,329,381
IMG_1729_h.jpg,640,480,bottle,275,104,386,352
IMG_2643_h.jpg,640,480,bowl,251,82,424,208
IMG_2713_h.jpg,640,480,cup,383,112,526,257
IMG_1777_h.jpg,640,480,kettle,177,54,398,377
IMG_1919_h.jpg,640,480,cup,260,155,357,313
IMG_2145_h.jpg,640,480,kettle,250,157,480,321
IMG_2008.jpg,640,480,cup,196,153,433,389
IMG_2185_h.jpg,640,480,kettle,248,100,533,374
IMG_1839_h.jpg,640,480,bowl,230,66,483,165
IMG_2175_h.jpg,640,480,kettle,286,185,502,364
IMG_1876.jpg,640,480,bowl,82,152,396,333
IMG_2446_h.jpg,640,480,bottle,291,177,377,370
IMG_1715.jpg,640,480,bottle,245,28,368,419
IMG_2717_h.jpg,640,480,cup,309,184,500,340
IMG_2280.jpg,640,480,bottle,209,108,291,306
IMG_2653_h.jpg,640,480,cup,332,128,475,269
IMG_1741.jpg,640,480,bottle,220,90,291,332
IMG_1741.jpg,640,480,bottle,343,111,435,444
IMG_2672_h.jpg,640,480,cup,295,185,382,333
IMG_2721.jpg,640,480,cup,107,98,265,276
IMG_1700_h.jpg,640,480,bottle,316,132,428,386
IMG_1925.jpg,640,480,cup,220,41,354,237
IMG_2701_h.jpg,640,480,cup,338,96,472,267
IMG_1996_h.jpg,640,480,cup,251,75,415,304
IMG_2706_h.jpg,640,480,cup,345,135,501,298
IMG_2402_h.jpg,640,480,bottle,381,89,476,333
IMG_2053_h.jpg,640,480,cup,231,126,423,313
IMG_2035.jpg,640,480,cup,210,87,398,345
IMG_1893.jpg,640,480,cup,140,62,398,274
IMG_2243_h.jpg,640,480,kettle,174,104,484,386
IMG_2685.jpg,640,480,cup,209,216,346,353
IMG_2229_h.jpg,640,480,kettle,238,164,497,398
IMG_2716.jpg,640,480,cup,157,194,325,364
IMG_2061.jpg,640,480,kettle,237,86,389,315
IMG_2142.jpg,640,480,kettle,156,167,317,320
IMG_2088_h.jpg,640,480,kettle,225,157,366,306
IMG_2015_h.jpg,640,480,cup,262,107,493,306
IMG_1856_h.jpg,640,480,bowl,182,235,532,382
IMG_1822_h.jpg,640,480,bowl,185,119,506,325
IMG_1689.jpg,640,480,kettle,156,87,343,436
IMG_2534_h.jpg,640,480,bowl,334,249,521,378
IMG_2027_h.jpg,640,480,cup,342,206,506,403
IMG_2005.jpg,640,480,cup,208,111,429,360
IMG_2295_h.jpg,640,480,bottle,279,142,406,440
IMG_2274.jpg,640,480,bottle,176,52,273,331
IMG_2063_h.jpg,640,480,kettle,139,143,296,307
IMG_2622_h.jpg,640,480,bowl,300,134,459,226
IMG_1693.jpg,640,480,bottle,208,44,337,429
IMG_2449_h.jpg,640,480,bottle,344,180,436,373
IMG_2134_h.jpg,640,480,kettle,217,67,471,270
IMG_1823_h.jpg,640,480,bowl,202,186,549,365
IMG_2518.jpg,640,480,bowl,57,134,299,253
IMG_2217_h.jpg,640,480,kettle,173,75,418,349
IMG_1698.jpg,640,480,bottle,168,70,313,360
IMG_1713_h.jpg,640,480,bottle,254,30,371,400
IMG_2729_h.jpg,640,480,cup,321,104,432,267
IMG_2658.jpg,640,480,cup,183,79,295,206
IMG_1750.jpg,640,480,bottle,205,100,298,319
IMG_2401.jpg,640,480,bottle,172,85,271,335
IMG_2191.jpg,640,480,kettle,168,73,381,389
IMG_2617_h.jpg,640,480,bowl,323,103,505,214
IMG_2011.jpg,640,480,cup,139,201,349,376
IMG_1903_h.jpg,640,480,cup,250,150,494,340
IMG_1770.jpg,640,480,kettle,122,65,358,398
IMG_2455_h.jpg,640,480,bottle,317,155,411,366
IMG_2251_h.jpg,640,480,kettle,152,70,494,361
IMG_2525.jpg,640,480,bowl,204,142,423,253
IMG_2067_h.jpg,640,480,kettle,250,127,406,303
IMG_2121_h.jpg,640,480,kettle,218,89,373,258
IMG_1799_h.jpg,640,480,kettle,177,38,497,331
IMG_2532.jpg,640,480,bowl,119,262,321,393
IMG_1874.jpg,640,480,bowl,83,201,382,371
IMG_2166_h.jpg,640,480,kettle,260,140,480,353
IMG_1856.jpg,640,480,bowl,108,235,458,382
IMG_1862_h.jpg,640,480,bowl,256,202,482,323
IMG_2727_h.jpg,640,480,cup,311,111,426,270
IMG_2527_h.jpg,640,480,bowl,288,119,521,235
IMG_2695_h.jpg,640,480,cup,370,116,490,266
IMG_2538_h.jpg,640,480,bowl,319,245,497,362
IMG_2445_h.jpg,640,480,bottle,377,87,500,298
IMG_2642_h.jpg,640,480,bowl,278,78,440,209
IMG_1764.jpg,640,480,kettle,176,91,398,339
IMG_1764.jpg,640,480,bottle,466,103,549,319
IMG_2294_h.jpg,640,480,bottle,295,150,430,455
IMG_2612.jpg,640,480,bowl,201,142,352,239
IMG_2741.jpg,640,480,cup,197,180,310,311
IMG_1866.jpg,640,480,bowl,95,132,407,300
IMG_1892.jpg,640,480,bowl,164,172,419,342
IMG_1696.jpg,640,480,bottle,235,41,350,425
IMG_1831.jpg,640,480,bowl,89,151,413,349
IMG_2726.jpg,640,480,cup,189,114,308,267
IMG_2662.jpg,640,480,cup,169,233,308,377
IMG_1847.jpg,640,480,bowl,212,107,458,261
IMG_2162_h.jpg,640,480,kettle,346,150,502,329
IMG_2550_h.jpg,640,480,bowl,258,143,485,253
IMG_1899.jpg,640,480,cup,130,34,386,251
IMG_2080.jpg,640,480,kettle,225,126,419,345
IMG_1708.jpg,640,480,bottle,183,20,307,439
IMG_2214_h.jpg,640,480,kettle,185,95,407,354
IMG_2067.jpg,640,480,kettle,234,127,390,303
IMG_2613_h.jpg,640,480,bowl,321,171,480,265
IMG_2008_h.jpg,640,480,cup,207,153,444,389
IMG_2707_h.jpg,640,480,cup,357,146,518,308
IMG_2042.jpg,640,480,cup,171,54,361,284
IMG_2717.jpg,640,480,cup,140,184,331,340
IMG_1768.jpg,640,480,kettle,234,62,501,332
IMG_2016_h.jpg,640,480,cup,250,119,436,313
IMG_2617.jpg,640,480,bowl,135,103,317,214
IMG_2211_h.jpg,640,480,kettle,231,118,472,348
IMG_1844.jpg,640,480,bowl,123,122,392,271
IMG_2538.jpg,640,480,bowl,143,245,321,362
IMG_1785.jpg,640,480,kettle,152,114,353,337
IMG_2448.jpg,640,480,bottle,204,151,307,357
IMG_2548.jpg,640,480,bowl,155,143,365,257
IMG_2044.jpg,640,480,cup,306,107,475,317
IMG_2537.jpg,640,480,bowl,157,233,335,349
IMG_2275_h.jpg,640,480,bottle,365,54,450,333
IMG_2663_h.jpg,640,480,cup,333,217,484,369
IMG_2631.jpg,640,480,bowl,234,153,392,294
IMG_2730_h.jpg,640,480,cup,320,94,508,259
IMG_1768_h.jpg,640,480,kettle,139,62,406,332
IMG_1906.jpg,640,480,cup,217,118,390,313
IMG_1818.jpg,640,480,bowl,107,81,484,356
IMG_2700.jpg,640,480,cup,172,110,306,288
IMG_1831_h.jpg,640,480,bowl,227,151,551,349
IMG_1760_h.jpg,640,480,bottle,346,79,459,413
IMG_2635.jpg,640,480,bowl,214,116,407,245
IMG_2286.jpg,640,480,bottle,169,89,279,394
IMG_1791_h.jpg,640,480,kettle,190,144,485,369
IMG_2543_h.jpg,640,480,bowl,287,128,504,238
IMG_1732_h.jpg,640,480,bottle,246,71,369,344
IMG_2179_h.jpg,640,480,kettle,255,91,448,368
IMG_1938.jpg,640,480,cup,204,151,401,346
IMG_2393.jpg,640,480,bottle,160,74,271,345
IMG_1804_h.jpg,640,480,kettle,221,151,530,393
IMG_2684.jpg,640,480,cup,229,200,352,321
IMG_1876_h.jpg,640,480,bowl,244,152,558,333
IMG_2033.jpg,640,480,cup,143,99,386,348
IMG_1858.jpg,640,480,bowl,170,285,397,387
IMG_1836.jpg,640,480,bowl,144,168,466,312
IMG_1729.jpg,640,480,bottle,254,104,365,352
IMG_1834_h.jpg,640,480,bowl,217,201,542,385
IMG_2736.jpg,640,480,cup,163,156,282,313
IMG_2556.jpg,640,480,bowl,142,163,337,271
IMG_2249.jpg,640,480,kettle,77,134,435,374
IMG_2283_h.jpg,640,480,bottle,357,85,461,389
IMG_2661_h.jpg,640,480,cup,319,227,465,377
IMG_2651.jpg,640,480,cup,161,150,312,286
IMG_2016.jpg,640,480,cup,204,119,390,313
IMG_2200_h.jpg,640,480,kettle,271,78,569,376
IMG_1890.jpg,640,480,bowl,82,139,343,308
IMG_1850_h.jpg,640,480,bowl,190,73,417,206
IMG_2240.jpg,640,480,kettle,192,81,435,385
IMG_2262_h.jpg,640,480,kettle,239,86,455,385
IMG_2196.jpg,640,480,kettle,119,87,372,377
IMG_2546.jpg,640,480,bowl,152,139,358,250
IMG_2453.jpg,640,480,bottle,234,153,325,364
IMG_2293_h.jpg,640,480,bottle,309,131,446,440
IMG_2399_h.jpg,640,480,bottle,362,73,456,320
IMG_2239_h.jpg,640,480,kettle,210,66,481,382
IMG_2294.jpg,640,480,bottle,210,150,345,455
IMG_1827.jpg,640,480,bowl,34,108,468,332
IMG_1737.jpg,640,480,bottle,273,74,323,287
IMG_1737.jpg,640,480,bottle,376,82,455,388
IMG_1825_h.jpg,640,480,bowl,170,245,485,410
IMG_1709.jpg,640,480,bottle,148,85,317,418
IMG_2152.jpg,640,480,kettle,235,138,444,302
IMG_1872_h.jpg,640,480,bowl,303,148,545,296
IMG_1873_h.jpg,640,480,bowl,237,196,549,378
IMG_1819_h.jpg,640,480,bowl,185,189,570,398
IMG_1807.jpg,640,480,kettle,139,193,430,426
IMG_2742_h.jpg,640,480,cup,315,186,434,335
IMG_2695.jpg,640,480,cup,150,116,270,266
IMG_2398.jpg,640,480,bottle,190,62,287,313
IMG_1895_h.jpg,640,480,cup,271,66,468,262
IMG_2082.jpg,640,480,kettle,114,120,324,294
IMG_2410.jpg,640,480,bottle,164,120,262,380
IMG_2539.jpg,640,480,bowl,146,242,328,362
IMG_2005_h.jpg,640,480,cup,211,111,432,360
IMG_2026.jpg,640,480,cup,98,192,313,425
IMG_1848_h.jpg,640,480,bowl,134,82,382,244
IMG_1710.jpg,640,480,bottle,279,131,410,425
IMG_2302_h.jpg,640,480,bottle,263,175,395,447
IMG_2029.jpg,640,480,cup,202,122,414,344
IMG_2395_h.jpg,640,480,bottle,349,69,473,331
IMG_2624.jpg,640,480,bowl,173,127,329,223
IMG_2223.jpg,640,480,kettle,181,176,443,425
IMG_2441_h.jpg,640,480,bottle,345,45,463,276
IMG_2647_h.jpg,640,480,cup,323,100,463,250
IMG_1693_h.jpg,640,480,bottle,303,44,432,429
IMG_2409.jpg,640,480,bottle,156,123,263,362
IMG_2250.jpg,640,480,kettle,146,83,471,394
IMG_2629.jpg,640,480,bowl,239,157,413,304
IMG_1776_h.jpg,640,480,kettle,193,95,468,386
IMG_2045.jpg,640,480,cup,225,135,374,274
IMG_2530_h.jpg,640,480,bowl,309,112,541,214
IMG_1994.jpg,640,480,cup,146,32,323,273
IMG_1907.jpg,640,480,cup,222,130,413,313
IMG_1830.jpg,640,480,bowl,112,136,429,269
IMG_2681.jpg,640,480,cup,208,205,332,344
IMG_2213.jpg,640,480,kettle,217,96,477,340
IMG_2064_h.jpg,640,480,kettle,205,175,371,348
IMG_2641_h.jpg,640,480,bowl,321,79,492,204
IMG_2271.jpg,640,480,bottle,198,52,290,337
IMG_2634.jpg,640,480,bowl,206,124,393,262
IMG_1871_h.jpg,640,480,bowl,310,106,567,260
IMG_2007_h.jpg,640,480,cup,196,164,483,396
IMG_1884.jpg,640,480,bowl,125,124,468,332
IMG_1809.jpg,640,480,kettle,205,113,500,361
IMG_2639.jpg,640,480,bowl,273,70,451,196
IMG_2007.jpg,640,480,cup,157,164,444,396
IMG_2140_h.jpg,640,480,kettle,256,108,516,303
IMG_2033_h.jpg,640,480,cup,254,99,497,348
IMG_1916.jpg,640,480,cup,208,62,378,303
IMG_2277.jpg,640,480,bottle,181,78,275,345
IMG_2698.jpg,640,480,cup,98,107,262,271
IMG_2551.jpg,640,480,bowl,144,155,364,263
IMG_2702_h.jpg,640,480,cup,329,111,452,269
IMG_2177_h.jpg,640,480,kettle,294,106,468,385
IMG_1773_h.jpg,640,480,kettle,313,95,595,377
IMG_2442.jpg,640,480,bottle,168,53,276,279
IMG_1691_h.jpg,640,480,kettle,230,74,557,435
IMG_2052_h.jpg,640,480,cup,258,120,435,307
IMG_2255_h.jpg,640,480,kettle,209,87,580,376
IMG_2169.jpg,640,480,kettle,112,155,382,373
IMG_2644_h.jpg,640,480,bowl,207,52,366,190
IMG_2158_h.jpg,640,480,kettle,304,171,492,341
IMG_1855_h.jpg,640,480,bowl,272,141,552,291
IMG_2665_h.jpg,640,480,cup,309,209,461,366
IMG_2704_h.jpg,640,480,cup,336,106,477,302
IMG_2282_h.jpg,640,480,bottle,349,70,456,381
IMG_2153.jpg,640,480,kettle,214,131,417,307
IMG_1950.jpg,640,480,cup,205,208,392,428
IMG_2225_h.jpg,640,480,kettle,176,163,461,403
IMG_2278.jpg,640,480,bottle,172,91,273,350
IMG_2737.jpg,640,480,cup,167,163,288,300
IMG_2142_h.jpg,640,480,kettle,323,167,484,320
IMG_2261_h.jpg,640,480,kettle,233,82,485,368
IMG_2038.jpg,640,480,cup,198,79,438,332
IMG_2045_h.jpg,640,480,cup,266,135,415,274
IMG_2678_h.jpg,640,480,cup,315,181,430,313
IMG_2664_h.jpg,640,480,cup,311,208,463,365
IMG_2136.jpg,640,480,kettle,303,90,463,266
IMG_1717.jpg,640,480,bottle,173,52,306,396
IMG_2103.jpg,640,480,kettle,238,103,424,253
IMG_1833_h.jpg,640,480,bowl,213,131,529,332
IMG_1787.jpg,640,480,kettle,135,83,292,273
IMG_1794_h.jpg,640,480,kettle,333,106,587,325
IMG_2057_h.jpg,640,480,cup,192,152,365,321
IMG_1863.jpg,640,480,bowl,171,158,394,264
IMG_2678.jpg,640,480,cup,210,181,325,313
IMG_1708_h.jpg,640,480,bottle,333,20,457,439
IMG_2439.jpg,640,480,bottle,183,45,270,283
IMG_1827_h.jpg,640,480,bowl,172,108,606,332
IMG_2743_h.jpg,640,480,cup,321,190,439,328
IMG_1766.jpg,640,480,kettle,279,95,456,370
IMG_2135_h.jpg,640,480,kettle,267,112,406,282
IMG_2247.jpg,640,480,kettle,67,136,436,401
IMG_1751_h.jpg,640,480,bottle,325,78,432,390
IMG_2668_h.jpg,640,480,cup,308,216,428,385
IMG_1789_h.jpg,640,480,kettle,215,83,456,337
IMG_1792_h.jpg,640,480,kettle,205,93,500,346
IMG_1835.jpg,640,480,bowl,135,112,463,356
IMG_2743.jpg,640,480,cup,201,190,319,328
IMG_1818_h.jpg,640,480,bowl,156,81,533,356
IMG_2027.jpg,640,480,cup,134,206,298,403
IMG_2456.jpg,640,480,bottle,168,181,298,411
IMG_2623.jpg,640,480,bowl,128,144,296,239
IMG_2236_h.jpg,640,480,kettle,222,139,508,396
IMG_2173.jpg,640,480,kettle,112,159,369,353
IMG_1941.jpg,640,480,cup,164,93,396,287
IMG_1724.jpg,640,480,bottle,258,143,380,401
IMG_2130_h.jpg,640,480,kettle,252,86,414,296
IMG_2237_h.jpg,640,480,kettle,223,157,526,384
IMG_2526_h.jpg,640,480,bowl,290,111,500,229
IMG_2090_h.jpg,640,480,kettle,227,131,414,286
IMG_1828.jpg,640,480,bowl,25,62,513,261
IMG_1797_h.jpg,640,480,kettle,92,87,364,329
IMG_1700.jpg,640,480,bottle,212,132,324,386
IMG_2069.jpg,640,480,kettle,212,107,386,294
IMG_2516.jpg,640,480,bowl,83,132,298,237
IMG_2229.jpg,640,480,kettle,143,164,402,398
IMG_1863_h.jpg,640,480,bowl,246,158,469,264
IMG_2011_h.jpg,640,480,cup,291,201,501,376
IMG_2089_h.jpg,640,480,kettle,231,142,399,294
IMG_1999_h.jpg,640,480,cup,227,95,547,368
IMG_2017_h.jpg,640,480,cup,284,144,530,352
IMG_1920_h.jpg,640,480,cup,237,98,352,267
IMG_2707.jpg,640,480,cup,122,146,283,308
IMG_1761.jpg,640,480,bottle,194,172,298,460
IMG_1860_h.jpg,640,480,bowl,252,314,459,401
IMG_2523_h.jpg,640,480,bowl,218,131,434,251
IMG_1874_h.jpg,640,480,bowl,258,201,557,371
IMG_2129_h.jpg,640,480,kettle,296,57,471,223
IMG_2441.jpg,640,480,bottle,177,45,295,276
IMG_2677_h.jpg,640,480,cup,313,186,430,312
IMG_2198.jpg,640,480,kettle,73,103,370,392
IMG_2645.jpg,640,480,bowl,259,74,431,220
IMG_2671.jpg,640,480,cup,274,209,380,352
IMG_2276.jpg,640,480,bottle,184,60,273,333
IMG_2715.jpg,640,480,cup,171,193,349,346
IMG_2278_h.jpg,640,480,bottle,367,91,468,350
IMG_2305.jpg,640,480,bottle,225,168,364,450
IMG_1711.jpg,640,480,bottle,193,29,340,440
IMG_1695_h.jpg,640,480,bottle,251,50,360,426
IMG_1837_h.jpg,640,480,bowl,192,150,472,341
IMG_1864.jpg,640,480,bowl,177,328,417,452
IMG_1806_h.jpg,640,480,kettle,201,102,524,382
IMG_1931.jpg,640,480,cup,175,24,397,254
IMG_2199_h.jpg,640,480,kettle,274,85,567,401
IMG_2301.jpg,640,480,bottle,233,179,385,467
IMG_1854_h.jpg,640,480,bowl,228,118,563,326
IMG_2003_h.jpg,640,480,cup,186,32,455,300
IMG_1942_h.jpg,640,480,cup,222,83,455,287
IMG_1877.jpg,640,480,bowl,133,270,358,442
IMG_1949_h.jpg,640,480,cup,237,208,427,409
IMG_2258_h.jpg,640,480,kettle,211,93,551,388
IMG_2061_h.jpg,640,480,kettle,251,86,403,315
IMG_1694_h.jpg,640,480,bottle,223,103,324,427
IMG_2610_h.jpg,640,480,bowl,243,147,385,230
IMG_2679.jpg,640,480,cup,206,209,320,327
IMG_1774_h.jpg,640,480,kettle,192,29,569,426
IMG_1886_h.jpg,640,480,bowl,271,151,558,358
IMG_2041.jpg,640,480,cup,198,71,382,316
IMG_2558_h.jpg,640,480,bowl,276,180,461,290
IMG_2615.jpg,640,480,bowl,126,165,294,251
IMG_2127.jpg,640,480,kettle,238,115,440,291
IMG_2022_h.jpg,640,480,cup,338,242,500,390
IMG_2221.jpg,640,480,kettle,193,161,425,429
IMG_1924_h.jpg,640,480,cup,301,36,428,230
IMG_1925_h.jpg,640,480,cup,286,41,420,237
IMG_1698_h.jpg,640,480,bottle,327,70,472,360
IMG_2171_h.jpg,640,480,kettle,254,169,509,364
IMG_2405_h.jpg,640,480,bottle,358,144,450,389
IMG_1993_h.jpg,640,480,cup,255,62,436,282
IMG_1887_h.jpg,640,480,bowl,280,165,542,367
IMG_2438.jpg,640,480,bottle,164,57,276,275
IMG_2259.jpg,640,480,kettle,116,112,406,406
IMG_2146_h.jpg,640,480,kettle,227,70,492,284
IMG_2208_h.jpg,640,480,kettle,262,122,489,407
IMG_2630_h.jpg,640,480,bowl,250,155,430,284
IMG_1878_h.jpg,640,480,bowl,246,255,496,407
IMG_2193_h.jpg,640,480,kettle,282,82,471,366
IMG_1851.jpg,640,480,bowl,245,87,470,218
IMG_2164_h.jpg,640,480,kettle,248,122,424,331
IMG_2631_h.jpg,640,480,bowl,248,153,406,294
IMG_2170_h.jpg,640,480,kettle,248,153,501,352
IMG_2733_h.jpg,640,480,cup,320,210,460,362
IMG_2405.jpg,640,480,bottle,190,144,282,389
IMG_1709_h.jpg,640,480,bottle,323,85,492,418
IMG_2287_h.jpg,640,480,bottle,366,94,476,403
IMG_2700_h.jpg,640,480,cup,334,110,468,288
IMG_1938_h.jpg,640,480,cup,239,151,436,346
IMG_2253_h.jpg,640,480,kettle,206,83,547,384
IMG_2281_h.jpg,640,480,bottle,346,111,448,311
IMG_1714.jpg,640,480,bottle,266,112,353,358
IMG_2147.jpg,640,480,kettle,181,169,364,323
IMG_2673.jpg,640,480,cup,229,176,337,316
IMG_2210_h.jpg,640,480,kettle,282,119,475,414
IMG_2515_h.jpg,640,480,bowl,338,118,571,241
IMG_2402.jpg,640,480,bottle,164,89,259,333
IMG_2634_h.jpg,640,480,bowl,247,124,434,262
IMG_2090.jpg,640,480,kettle,226,131,413,286
IMG_2137_h.jpg,640,480,kettle,313,104,464,270
IMG_2174.jpg,640,480,kettle,127,177,374,369
IMG_2228_h.jpg,640,480,kettle,231,150,505,376
IMG_2036_h.jpg,640,480,cup,225,69,431,294
IMG_2535.jpg,640,480,bowl,131,246,321,369
IMG_1796_h.jpg,640,480,kettle,201,28,477,337
IMG_2014_h.jpg,640,480,cup,270,100,534,310
IMG_1948.jpg,640,480,cup,213,214,427,403
IMG_2284_h.jpg,640,480,bottle,349,85,452,392
IMG_2729.jpg,640,480,cup,208,104,319,267
IMG_2199.jpg,640,480,kettle,73,85,366,401
IMG_2529.jpg,640,480,bowl,85,110,312,213
IMG_1930.jpg,640,480,cup,151,24,406,235
IMG_2554.jpg,640,480,bowl,127,131,320,229
IMG_1770_h.jpg,640,480,kettle,282,65,518,398
IMG_2389.jpg,640,480,bottle,221,106,335,384
IMG_2194.jpg,640,480,kettle,143,86,374,382
IMG_1838.jpg,640,480,bowl,140,74,397,185
IMG_2018_h.jpg,640,480,cup,276,216,446,402
IMG_1785_h.jpg,640,480,kettle,287,114,488,337
IMG_1788.jpg,640,480,kettle,197,135,426,373
IMG_1688_h.jpg,640,480,kettle,204,67,534,433
IMG_1784_h.jpg,640,480,kettle,218,146,410,346
IMG_1820_h.jpg,640,480,bowl,172,156,563,382
IMG_2524_h.jpg,640,480,bowl,215,135,427,261
IMG_2120.jpg,640,480,kettle,278,23,421,194
IMG_2159_h.jpg,640,480,kettle,327,163,504,331
IMG_2267_h.jpg,640,480,bottle,362,74,432,339
IMG_2155_h.jpg,640,480,kettle,291,155,501,339
IMG_2451.jpg,640,480,bottle,213,173,294,364
IMG_2231_h.jpg,640,480,kettle,272,168,494,410
IMG_2171.jpg,640,480,kettle,131,169,386,364
IMG_2723.jpg,640,480,cup,87,82,259,273
IMG_2156_h.jpg,640,480,kettle,278,169,502,349
IMG_2151.jpg,640,480,kettle,271,151,470,321
IMG_1790_h.jpg,640,480,kettle,190,150,428,397
IMG_2455.jpg,640,480,bottle,229,155,323,366
IMG_2030.jpg,640,480,cup,165,94,353,302
IMG_2054_h.jpg,640,480,cup,233,156,370,335
IMG_2047_h.jpg,640,480,cup,382,115,578,293
IMG_2614.jpg,640,480,bowl,153,155,311,242
IMG_2224.jpg,640,480,kettle,164,163,422,396
IMG_2403_h.jpg,640,480,bottle,377,100,485,345
IMG_2388.jpg,640,480,bottle,249,138,341,385
IMG_2301_h.jpg,640,480,bottle,255,179,407,467
IMG_2058_h.jpg,640,480,kettle,272,98,516,360
IMG_1838_h.jpg,640,480,bowl,243,74,500,185
IMG_2660_h.jpg,640,480,cup,329,243,454,388
IMG_2266_h.jpg,640,480,bottle,354,69,444,354
IMG_2649_h.jpg,640,480,cup,315,123,464,263
IMG_1870.jpg,640,480,bowl,59,43,340,198
IMG_2260_h.jpg,640,480,kettle,206,94,498,394
IMG_2051.jpg,640,480,cup,242,73,417,269
IMG_1781_h.jpg,640,480,kettle,279,144,497,343
IMG_2291_h.jpg,640,480,bottle,323,123,434,426
IMG_2071.jpg,640,480,kettle,189,188,317,413
IMG_2668.jpg,640,480,cup,212,216,332,385
IMG_2272.jpg,640,480,bottle,188,56,278,329
IMG_1940_h.jpg,640,480,cup,259,77,473,278
IMG_2028_h.jpg,640,480,cup,177,165,364,352
IMG_1889.jpg,640,480,bowl,58,128,376,326
IMG_2431.jpg,640,480,bottle,177,63,278,296
IMG_2611_h.jpg,640,480,bowl,284,153,440,246
IMG_2269_h.jpg,640,480,bottle,358,81,438,343
IMG_2133_h.jpg,640,480,kettle,370,62,623,273
IMG_2691.jpg,640,480,cup,159,100,299,253
IMG_2524.jpg,640,480,bowl,213,135,425,261
IMG_1931_h.jpg,640,480,cup,243,24,465,254
IMG_2436_h.jpg,640,480,bottle,370,70,473,299
IMG_1914.jpg,640,480,cup,176,167,346,339
IMG_2672.jpg,640,480,cup,258,185,345,333
IMG_1730_h.jpg,640,480,bottle,271,48,420,403
IMG_1730.jpg,640,480,bottle,220,48,369,403
IMG_2645_h.jpg,640,480,bowl,209,74,381,220
IMG_2437_h.jpg,640,480,bottle,369,65,464,284
IMG_1932_h.jpg,640,480,cup,258,42,457,263
IMG_2268_h.jpg,640,480,bottle,352,78,438,343
IMG_1697.jpg,640,480,bottle,156,56,332,400
IMG_2119_h.jpg,640,480,kettle,210,71,382,238
IMG_1922_h.jpg,640,480,cup,267,134,414,331
IMG_1881_h.jpg,640,480,bowl,170,125,535,338
IMG_1913.jpg,640,480,cup,201,150,368,339
IMG_1740_h.jpg,640,480,bottle,337,116,432,380
IMG_1740_h.jpg,640,480,bottle,140,102,223,418
IMG_2735.jpg,640,480,cup,175,151,306,292
IMG_2732_h.jpg,640,480,cup,299,94,502,251
IMG_1854.jpg,640,480,bowl,77,118,412,326
IMG_2264_h.jpg,640,480,kettle,244,81,464,372
IMG_1775.jpg,640,480,kettle,123,54,442,386
IMG_2520_h.jpg,640,480,bowl,342,171,578,299
IMG_2015.jpg,640,480,cup,147,107,378,306
IMG_2010_h.jpg,640,480,cup,334,198,555,377
IMG_1706_h.jpg,640,480,bottle,317,30,480,438
IMG_1850.jpg,640,480,bowl,223,73,450,206
IMG_1946_h.jpg,640,480,cup,222,93,433,270
IMG_2284.jpg,640,480,bottle,188,85,291,392
IMG_2523.jpg,640,480,bowl,206,131,422,251
IMG_2636_h.jpg,640,480,bowl,255,120,424,242
IMG_2443_h.jpg,640,480,bottle,407,54,497,181
IMG_1808.jpg,640,480,kettle,146,147,435,385
IMG_2630.jpg,640,480,bowl,210,155,390,284
IMG_1699.jpg,640,480,bottle,189,63,335,418
IMG_1826_h.jpg,640,480,bowl,186,119,612,306
IMG_2720.jpg,640,480,cup,169,201,300,374
IMG_2642.jpg,640,480,bowl,200,78,362,209
IMG_2009.jpg,640,480,cup,119,190,316,382
IMG_1849.jpg,640,480,bowl,254,76,486,212
IMG_2444.jpg,640,480,bottle,127,63,275,304
IMG_1802_h.jpg,640,480,kettle,258,111,536,345
IMG_1870_h.jpg,640,480,bowl,300,43,581,198
IMG_2195_h.jpg,640,480,kettle,287,102,506,401
IMG_2688_h.jpg,640,480,cup,332,112,494,266
IMG_2387.jpg,640,480,bottle,263,155,345,407
IMG_1901_h.jpg,640,480,cup,280,23,484,274
IMG_2285_h.jpg,640,480,bottle,356,94,454,405
IMG_2233_h.jpg,640,480,kettle,307,150,498,410
IMG_1909.jpg,640,480,cup,209,122,380,307
IMG_2390_h.jpg,640,480,bottle,340,90,443,348
IMG_2449.jpg,640,480,bottle,204,180,296,373
IMG_2170.jpg,640,480,kettle,139,153,392,352
IMG_2553.jpg,640,480,bowl,118,126,333,251
IMG_2139_h.jpg,640,480,kettle,292,102,520,292
IMG_2304_h.jpg,640,480,bottle,284,163,419,458
IMG_2024_h.jpg,640,480,cup,267,234,386,396
IMG_2454.jpg,640,480,bottle,235,161,340,369
IMG_2158.jpg,640,480,kettle,148,171,336,341
IMG_1911_h.jpg,640,480,cup,305,159,509,319
IMG_1846.jpg,640,480,bowl,238,96,512,259
IMG_1719.jpg,640,480,bottle,242,112,341,380
IMG_2014.jpg,640,480,cup,106,100,370,310
IMG_2519.jpg,640,480,bowl,44,157,294,279
IMG_2719_h.jpg,640,480,cup,353,208,477,358
IMG_1814.jpg,640,480,bowl,95,157,452,378
IMG_2018.jpg,640,480,cup,194,216,364,402
IMG_1759_h.jpg,640,480,bottle,319,98,463,409
IMG_1915.jpg,640,480,cup,193,54,380,317
IMG_1894_h.jpg,640,480,cup,254,54,483,242
IMG_2745_h.jpg,640,480,cup,320,189,454,344
IMG_1824_h.jpg,640,480,bowl,165,196,558,401
IMG_2627_h.jpg,640,480,bowl,243,112,397,220
IMG_2161_h.jpg,640,480,kettle,323,168,500,346
IMG_2296.jpg,640,480,bottle,249,142,364,430
IMG_1907_h.jpg,640,480,cup,227,130,418,313
IMG_2263_h.jpg,640,480,kettle,234,94,460,377
IMG_1877_h.jpg,640,480,bowl,282,270,507,442
IMG_1859.jpg,640,480,bowl,176,332,409,418
IMG_2127_h.jpg,640,480,kettle,200,115,402,291
IMG_1765_h.jpg,640,480,kettle,218,127,461,369
IMG_1765_h.jpg,640,480,bottle,70,132,159,341
IMG_2410_h.jpg,640,480,bottle,378,120,476,380
IMG_1896.jpg,640,480,cup,175,71,343,267
IMG_2174_h.jpg,640,480,kettle,266,177,513,369
IMG_1887.jpg,640,480,bowl,98,165,360,367
IMG_2655.jpg,640,480,cup,183,104,290,233
IMG_2200.jpg,640,480,kettle,71,78,369,376
IMG_1923_h.jpg,640,480,cup,262,136,431,336
IMG_2260.jpg,640,480,kettle,142,94,434,394
IMG_2075.jpg,640,480,kettle,216,180,381,361
IMG_1919.jpg,640,480,cup,283,155,380,313
IMG_2150_h.jpg,640,480,kettle,211,119,387,280
IMG_1937.jpg,640,480,cup,185,143,361,345
IMG_1763.jpg,640,480,kettle,175,120,422,369
IMG_1763.jpg,640,480,bottle,473,136,553,350
IMG_2722_h.jpg,640,480,cup,395,74,559,247
IMG_1826.jpg,640,480,bowl,28,119,454,306
IMG_2212_h.jpg,640,480,kettle,155,93,431,335
IMG_2287.jpg,640,480,bottle,164,94,274,403
IMG_2675_h.jpg,640,480,cup,311,183,420,331
IMG_2556_h.jpg,640,480,bowl,303,163,498,271
IMG_2227_h.jpg,640,480,kettle,226,139,529,376
IMG_1733_h.jpg,640,480,bottle,198,120,292,350
IMG_2443.jpg,640,480,bottle,143,54,233,181
IMG_2745.jpg,640,480,cup,186,189,320,344
IMG_1923.jpg,640,480,cup,209,136,378,336
IMG_1690.jpg,640,480,kettle,165,71,439,426
IMG_1999.jpg,640,480,cup,93,95,413,368
IMG_1847_h.jpg,640,480,bowl,182,107,428,261
IMG_1848.jpg,640,480,bowl,258,82,506,244
IMG_1738.jpg,640,480,bottle,201,67,269,302
IMG_1738.jpg,640,480,bottle,403,57,484,325
IMG_2043.jpg,640,480,cup,283,87,448,315
IMG_1735.jpg,640,480,bottle,193,77,299,304
IMG_1735.jpg,640,480,bottle,352,142,451,392
IMG_2125.jpg,640,480,kettle,225,63,451,220
IMG_2244.jpg,640,480,kettle,120,130,455,397
IMG_2232.jpg,640,480,kettle,148,160,364,409
IMG_1920.jpg,640,480,cup,288,98,403,267
IMG_2020_h.jpg,640,480,cup,312,223,488,392
IMG_2273_h.jpg,640,480,bottle,371,57,459,335
IMG_1731.jpg,640,480,bottle,218,119,353,396
IMG_2305_h.jpg,640,480,bottle,276,168,415,450
IMG_2712.jpg,640,480,cup,103,106,250,253
IMG_2430_h.jpg,640,480,bottle,382,74,468,325
IMG_2289_h.jpg,640,480,bottle,341,163,484,446
IMG_2123.jpg,640,480,kettle,165,65,386,254
IMG_2050_h.jpg,640,480,cup,233,77,379,286
IMG_2043_h.jpg,640,480,cup,192,87,357,315
IMG_1896_h.jpg,640,480,cup,297,71,465,267
IMG_2671_h.jpg,640,480,cup,260,209,366,352
IMG_2648.jpg,640,480,cup,176,112,321,270
IMG_1695.jpg,640,480,bottle,280,50,389,426
IMG_1801.jpg,640,480,kettle,153,83,372,345
IMG_2626.jpg,640,480,bowl,194,98,349,200
IMG_2663.jpg,640,480,cup,156,217,307,369
IMG_2411.jpg,640,480,bottle,139,130,257,369
IMG_2221_h.jpg,640,480,kettle,215,161,447,429
IMG_1901.jpg,640,480,cup,156,23,360,274
IMG_2447.jpg,640,480,bottle,209,153,296,341
IMG_2614_h.jpg,640,480,bowl,329,155,487,242
IMG_2022.jpg,640,480,cup,140,242,302,390
IMG_2666_h.jpg,640,480,cup,279,212,446,365
IMG_2245.jpg,640,480,kettle,107,132,436,397
IMG_1739_h.jpg,640,480,bottle,360,106,422,346
IMG_1739_h.jpg,640,480,bottle,148,127,234,366
IMG_1950_h.jpg,640,480,cup,248,208,435,428
IMG_1837.jpg,640,480,bowl,168,150,448,341
IMG_2149.jpg,640,480,kettle,210,169,418,329
IMG_1810_h.jpg,640,480,kettle,209,134,424,357
IMG_1755.jpg,640,480,bottle,167,52,274,343
IMG_1762.jpg,640,480,bottle,205,104,304,390
IMG_2632.jpg,640,480,bowl,208,127,372,246
IMG_2557.jpg,640,480,bowl,161,181,352,307
IMG_1917_h.jpg,640,480,cup,251,152,411,358
IMG_2215.jpg,640,480,kettle,231,82,472,365
IMG_2693.jpg,640,480,cup,181,104,302,273
IMG_2679_h.jpg,640,480,cup,320,209,434,327
IMG_1882_h.jpg,640,480,bowl,174,140,553,352
IMG_2737_h.jpg,640,480,cup,352,163,473,300
IMG_2298.jpg,640,480,bottle,250,155,385,444
IMG_2137.jpg,640,480,kettle,176,104,327,270
IMG_2036.jpg,640,480,cup,209,69,415,294
IMG_2650.jpg,640,480,cup,176,139,331,276
IMG_2058.jpg,640,480,kettle,124,98,368,360
IMG_2666.jpg,640,480,cup,194,212,361,365
IMG_1865_h.jpg,640,480,bowl,222,39,541,242
IMG_2234_h.jpg,640,480,kettle,283,148,463,418
IMG_1994_h.jpg,640,480,cup,317,32,494,273
IMG_1926_h.jpg,640,480,cup,291,20,520,245
IMG_2264.jpg,640,480,kettle,176,81,396,372
IMG_2198_h.jpg,640,480,kettle,270,103,567,392
IMG_1922.jpg,640,480,cup,226,134,373,331
IMG_2248_h.jpg,640,480,kettle,202,130,554,386
IMG_1825.jpg,640,480,bowl,155,245,470,410
IMG_1722_h.jpg,640,480,bottle,196,83,305,444
IMG_2734_h.jpg,640,480,cup,327,205,467,346
IMG_2189.jpg,640,480,kettle,157,103,372,382
IMG_1998.jpg,640,480,cup,208,74,361,288
IMG_1861_h.jpg,640,480,bowl,260,313,488,409
IMG_2025.jpg,640,480,cup,89,230,324,451
IMG_2062.jpg,640,480,kettle,214,183,316,370
IMG_1725.jpg,640,480,bottle,238,87,352,369
IMG_2658_h.jpg,640,480,cup,345,79,457,206
IMG_2169_h.jpg,640,480,kettle,258,155,528,373
IMG_1872.jpg,640,480,bowl,95,148,337,296
IMG_2130.jpg,640,480,kettle,226,86,388,296
IMG_2224_h.jpg,640,480,kettle,218,163,476,396
IMG_2406.jpg,640,480,bottle,173,115,262,364
IMG_1900.jpg,640,480,cup,147,20,343,284
IMG_2145.jpg,640,480,kettle,160,157,390,321
IMG_2526.jpg,640,480,bowl,140,111,350,229
IMG_2625.jpg,640,480,bowl,193,114,358,209
IMG_2444_h.jpg,640,480,bottle,365,63,513,304
IMG_2694.jpg,640,480,cup,163,91,294,275
IMG_1767.jpg,640,480,kettle,299,83,466,360
IMG_1792.jpg,640,480,kettle,140,93,435,346
IMG_1906_h.jpg,640,480,cup,250,118,423,313
IMG_2304.jpg,640,480,bottle,221,163,356,458
IMG_2128_h.jpg,640,480,kettle,279,81,460,263
IMG_1806.jpg,640,480,kettle,116,102,439,382
IMG_2068_h.jpg,640,480,kettle,255,123,403,300
IMG_2231.jpg,640,480,kettle,146,168,368,410
IMG_2086_h.jpg,640,480,kettle,296,196,418,344
IMG_2559_h.jpg,640,480,bowl,282,190,461,303
IMG_2197.jpg,640,480,kettle,118,106,370,398
IMG_2706.jpg,640,480,cup,139,135,295,298
IMG_1694.jpg,640,480,bottle,316,103,417,427
IMG_2122.jpg,640,480,kettle,167,142,392,312
IMG_2270.jpg,640,480,bottle,217,69,291,348
IMG_1921_h.jpg,640,480,cup,227,95,352,273
IMG_2010.jpg,640,480,cup,85,198,306,377
IMG_1829_h.jpg,640,480,bowl,180,63,545,202
IMG_2144_h.jpg,640,480,kettle,320,165,503,336
IMG_2083.jpg,640,480,kettle,194,197,352,333
IMG_1867_h.jpg,640,480,bowl,235,125,553,306
IMG_2518_h.jpg,640,480,bowl,341,134,583,253
IMG_1696_h.jpg,640,480,bottle,290,41,405,425
IMG_2168.jpg,640,480,kettle,147,135,406,335
IMG_2633_h.jpg,640,480,bowl,244,127,405,249
IMG_2212.jpg,640,480,kettle,209,93,485,335
IMG_1706.jpg,640,480,bottle,160,30,323,438
IMG_2060_h.jpg,640,480,kettle,264,124,411,316
IMG_2396.jpg,640,480,bottle,184,73,290,332
IMG_1803_h.jpg,640,480,kettle,210,151,508,393
IMG_2517_h.jpg,640,480,bowl,329,127,565,243
IMG_2172_h.jpg,640,480,kettle,243,155,512,378
IMG_2077.jpg,640,480,kettle,239,144,401,337
IMG_2148.jpg,640,480,kettle,186,135,397,296
IMG_1716.jpg,640,480,bottle,233,67,345,423
IMG_2019.jpg,640,480,cup,176,231,328,411
IMG_2543.jpg,640,480,bowl,136,128,353,238
IMG_2521.jpg,640,480,bowl,71,175,299,287
IMG_2216_h.jpg,640,480,kettle,198,78,398,360
IMG_1839.jpg,640,480,bowl,157,66,410,165
IMG_2408.jpg,640,480,bottle,168,118,269,358
IMG_2692_h.jpg,640,480,cup,337,95,464,254
IMG_2183.jpg,640,480,kettle,128,99,385,382
IMG_2722.jpg,640,480,cup,81,74,245,247
IMG_1891.jpg,640,480,bowl,83,114,345,308
IMG_1816_h.jpg,640,480,bowl,149,65,598,313
IMG_1722.jpg,640,480,bottle,335,83,444,444
IMG_2165_h.jpg,640,480,kettle,260,136,456,337
IMG_2291.jpg,640,480,bottle,206,123,317,426
IMG_2037_h.jpg,640,480,cup,133,96,407,357
IMG_1948_h.jpg,640,480,cup,213,214,427,403
IMG_2163.jpg,640,480,kettle,130,163,315,332
IMG_1902.jpg,640,480,cup,95,29,362,290
IMG_2392_h.jpg,640,480,bottle,361,71,471,350
IMG_2632_h.jpg,640,480,bowl,268,127,432,246
IMG_2638.jpg,640,480,bowl,291,91,454,229
IMG_1714_h.jpg,640,480,bottle,287,112,374,358
IMG_1769.jpg,640,480,kettle,52,57,325,350
IMG_1893_h.jpg,640,480,cup,242,62,500,274
IMG_1888.jpg,640,480,bowl,128,217,415,374
IMG_2209.jpg,640,480,kettle,157,106,369,394
IMG_2688.jpg,640,480,cup,146,112,308,266
IMG_1793.jpg,640,480,kettle,238,96,483,348
IMG_1738_h.jpg,640,480,bottle,371,67,439,302
IMG_1738_h.jpg,640,480,bottle,156,57,237,325
IMG_1717_h.jpg,640,480,bottle,334,52,467,396
IMG_1807_h.jpg,640,480,kettle,210,193,501,426
IMG_2225.jpg,640,480,kettle,179,163,464,403
IMG_2620_h.jpg,640,480,bowl,235,127,362,222
IMG_2528.jpg,640,480,bowl,114,111,329,213
IMG_1904_h.jpg,640,480,cup,247,118,443,313
IMG_1726.jpg,640,480,bottle,230,77,340,407
IMG_2230_h.jpg,640,480,kettle,247,159,510,384
IMG_2230.jpg,640,480,kettle,130,159,393,384
IMG_2514_h.jpg,640,480,bowl,336,143,563,267
IMG_2673_h.jpg,640,480,cup,303,176,411,316
IMG_1704_h.jpg,640,480,bottle,328,17,468,444
IMG_2012_h.jpg,640,480,cup,235,157,469,356
IMG_2255.jpg,640,480,kettle,60,87,431,376
IMG_2710_h.jpg,640,480,cup,327,155,526,310
IMG_1939_h.jpg,640,480,cup,218,143,413,340
IMG_2059.jpg,640,480,kettle,209,165,385,345
IMG_2740_h.jpg,640,480,cup,345,180,456,327
IMG_2626_h.jpg,640,480,bowl,291,98,446,200
IMG_2394.jpg,640,480,bottle,173,66,287,329
IMG_2450.jpg,640,480,bottle,194,183,280,366
IMG_2517.jpg,640,480,bowl,75,127,311,243
IMG_2725_h.jpg,640,480,cup,411,90,546,259
IMG_1767_h.jpg,640,480,kettle,174,83,341,360
IMG_1701.jpg,640,480,bottle,200,52,393,422
IMG_2396_h.jpg,640,480,bottle,350,73,456,332
IMG_2657.jpg,640,480,cup,179,81,291,214
IMG_1914_h.jpg,640,480,cup,294,167,464,339
IMG_2020.jpg,640,480,cup,152,223,328,392
IMG_2653.jpg,640,480,cup,165,128,308,269
IMG_2026_h.jpg,640,480,cup,327,192,542,425
IMG_2527.jpg,640,480,bowl,119,119,352,235
IMG_2241.jpg,640,480,kettle,160,67,463,385
IMG_1832_h.jpg,640,480,bowl,213,205,545,402
IMG_2677.jpg,640,480,cup,210,186,327,312
IMG_1787_h.jpg,640,480,kettle,348,83,505,273
IMG_1912.jpg,640,480,cup,177,177,365,354
IMG_2084.jpg,640,480,kettle,221,100,350,231
IMG_2723_h.jpg,640,480,cup,381,82,553,273
IMG_2612_h.jpg,640,480,bowl,288,142,439,239
IMG_1937_h.jpg,640,480,cup,279,143,455,345
IMG_2066_h.jpg,640,480,kettle,207,134,375,311
IMG_2258.jpg,640,480,kettle,89,93,429,388
IMG_2435_h.jpg,640,480,bottle,369,86,450,317
IMG_2126.jpg,640,480,kettle,163,95,388,273
IMG_1707_h.jpg,640,480,bottle,271,38,411,419
IMG_2710.jpg,640,480,cup,114,155,313,310
IMG_2034_h.jpg,640,480,cup,240,69,461,317
IMG_2629_h.jpg,640,480,bowl,227,157,401,304
IMG_2735_h.jpg,640,480,cup,334,151,465,292
IMG_1933_h.jpg,640,480,cup,258,34,510,265
IMG_1782.jpg,640,480,kettle,177,152,372,357
IMG_2070.jpg,640,480,kettle,188,128,381,364
IMG_2125_h.jpg,640,480,kettle,189,63,415,220
IMG_2147_h.jpg,640,480,kettle,276,169,459,323
IMG_2088.jpg,640,480,kettle,274,157,415,306
IMG_2728.jpg,640,480,cup,202,100,307,270
IMG_2298_h.jpg,640,480,bottle,255,155,390,444
IMG_2050.jpg,640,480,cup,261,77,407,286
IMG_2544_h.jpg,640,480,bowl,300,135,505,238
IMG_2731_h.jpg,640,480,cup,340,100,518,237
IMG_1702_h.jpg,640,480,bottle,300,81,546,450
IMG_2266.jpg,640,480,bottle,196,69,286,354
IMG_2684_h.jpg,640,480,cup,288,200,411,321
IMG_2401_h.jpg,640,480,bottle,369,85,468,335
IMG_2435.jpg,640,480,bottle,190,86,271,317
IMG_2635_h.jpg,640,480,bowl,233,116,426,245
IMG_2163_h.jpg,640,480,kettle,325,163,510,332
IMG_2547_h.jpg,640,480,bowl,287,159,475,262
IMG_2152_h.jpg,640,480,kettle,196,138,405,302
IMG_1791.jpg,640,480,kettle,155,144,450,369
IMG_1718.jpg,640,480,bottle,200,95,310,353
IMG_1855.jpg,640,480,bowl,88,141,368,291
IMG_1841.jpg,640,480,bowl,126,139,380,276
IMG_2694_h.jpg,640,480,cup,346,91,477,275
IMG_1759.jpg,640,480,bottle,177,98,321,409
IMG_1727.jpg,640,480,bottle,337,60,446,397
IMG_2625_h.jpg,640,480,bowl,282,114,447,209
IMG_2554_h.jpg,640,480,bowl,320,131,513,229
IMG_2670.jpg,640,480,cup,222,218,358,398
IMG_1803.jpg,640,480,kettle,132,151,430,393
IMG_2439_h.jpg,640,480,bottle,370,45,457,283
IMG_2434_h.jpg,640,480,bottle,362,74,452,303
IMG_2522.jpg,640,480,bowl,176,175,393,299
IMG_2404.jpg,640,480,bottle,204,119,294,357
IMG_2207_h.jpg,640,480,kettle,280,122,541,422
IMG_2395.jpg,640,480,bottle,167,69,291,331
IMG_2057.jpg,640,480,cup,275,152,448,321
IMG_2135.jpg,640,480,kettle,234,112,373,282
IMG_1808_h.jpg,640,480,kettle,205,147,494,385
IMG_1805.jpg,640,480,kettle,224,134,484,411
IMG_2204_h.jpg,640,480,kettle,260,90,583,388
IMG_2690_h.jpg,640,480,cup,317,100,468,265
IMG_2046_h.jpg,640,480,cup,235,89,411,280
IMG_2195.jpg,640,480,kettle,134,102,353,401
IMG_2232_h.jpg,640,480,kettle,276,160,492,409
IMG_2704.jpg,640,480,cup,163,106,304,302
IMG_1888_h.jpg,640,480,bowl,225,217,512,374
IMG_2537_h.jpg,640,480,bowl,305,233,483,349
IMG_2009_h.jpg,640,480,cup,324,190,521,382
IMG_2126_h.jpg,640,480,kettle,252,95,477,273
IMG_2643.jpg,640,480,bowl,216,82,389,208
IMG_1711_h.jpg,640,480,bottle,300,29,447,440
IMG_1809_h.jpg,640,480,kettle,140,113,435,361
IMG_2555.jpg,640,480,bowl,130,124,332,229
IMG_1795.jpg,640,480,kettle,161,100,456,365
IMG_2720_h.jpg,640,480,cup,340,201,471,374
IMG_2159.jpg,640,480,kettle,136,163,313,331
IMG_2239.jpg,640,480,kettle,159,66,430,382
IMG_2271_h.jpg,640,480,bottle,350,52,442,337
IMG_2732.jpg,640,480,cup,138,94,341,251
IMG_2217.jpg,640,480,kettle,222,75,467,349
IMG_1775_h.jpg,640,480,kettle,198,54,517,386
IMG_1853_h.jpg,640,480,bowl,248,169,505,294
IMG_2652.jpg,640,480,cup,175,139,316,282
IMG_2208.jpg,640,480,kettle,151,122,378,407
IMG_1823.jpg,640,480,bowl,91,186,438,365
IMG_2669_h.jpg,640,480,cup,293,230,423,378
IMG_2123_h.jpg,640,480,kettle,254,65,475,254
IMG_1757_h.jpg,640,480,bottle,264,83,385,376
IMG_1780_h.jpg,640,480,kettle,168,134,385,390
IMG_2211.jpg,640,480,kettle,168,118,409,348
IMG_2252_h.jpg,640,480,kettle,214,118,544,382
IMG_1761_h.jpg,640,480,bottle,342,172,446,460
IMG_2557_h.jpg,640,480,bowl,288,181,479,307
IMG_2446.jpg,640,480,bottle,263,177,349,370
IMG_2403.jpg,640,480,bottle,155,100,263,345
IMG_2285.jpg,640,480,bottle,186,94,284,405
IMG_2552.jpg,640,480,bowl,119,135,337,242
IMG_2154_h.jpg,640,480,kettle,278,165,487,331
IMG_2628_h.jpg,640,480,bowl,210,134,366,247
IMG_2265_h.jpg,640,480,bottle,349,78,431,345
IMG_2175.jpg,640,480,kettle,138,185,354,364
IMG_2646_h.jpg,640,480,cup,341,119,448,259
IMG_2711.jpg,640,480,cup,124,171,292,321
IMG_1815.jpg,640,480,bowl,67,131,434,345
IMG_2303.jpg,640,480,bottle,235,169,388,446
IMG_2687_h.jpg,640,480,cup,328,120,490,275
IMG_2237.jpg,640,480,kettle,114,157,417,384
IMG_2012.jpg,640,480,cup,171,157,405,356
IMG_1921.jpg,640,480,cup,288,95,413,273
IMG_2024.jpg,640,480,cup,254,234,373,396
IMG_2552_h.jpg,640,480,bowl,303,135,521,242
IMG_1753.jpg,640,480,bottle,79,230,245,419
IMG_1753.jpg,640,480,bottle,311,33,413,265
IMG_2073_h.jpg,640,480,kettle,258,153,397,353
IMG_1844_h.jpg,640,480,bowl,248,122,517,271
IMG_2619.jpg,640,480,bowl,201,124,352,205
IMG_2398_h.jpg,640,480,bottle,353,62,450,313
IMG_2001_h.jpg,640,480,cup,188,52,493,321
IMG_2132.jpg,640,480,kettle,91,91,304,317
IMG_2039.jpg,640,480,cup,185,103,413,332
IMG_2452.jpg,640,480,bottle,180,198,291,406
IMG_2627.jpg,640,480,bowl,243,112,397,220
IMG_2696.jpg,640,480,cup,114,106,259,242
IMG_2272_h.jpg,640,480,bottle,362,56,452,329
IMG_1918.jpg,640,480,cup,216,135,336,308
IMG_2648_h.jpg,640,480,cup,319,112,464,270
IMG_2161.jpg,640,480,kettle,140,168,317,346
IMG_1845_h.jpg,640,480,bowl,202,77,489,238
IMG_2261.jpg,640,480,kettle,155,82,407,368
IMG_2136_h.jpg,640,480,kettle,177,90,337,266
IMG_2066.jpg,640,480,kettle,265,134,433,311
IMG_2703_h.jpg,640,480,cup,338,104,467,287
IMG_2201.jpg,640,480,kettle,89,77,380,377
IMG_2448_h.jpg,640,480,bottle,333,151,436,357
IMG_2407_h.jpg,640,480,bottle,366,126,465,370
IMG_2001.jpg,640,480,cup,147,52,452,321
IMG_1812.jpg,640,480,kettle,110,116,413,376
IMG_2430.jpg,640,480,bottle,172,74,258,325
IMG_2277_h.jpg,640,480,bottle,365,78,459,345
IMG_2154.jpg,640,480,kettle,153,165,362,331
IMG_2649.jpg,640,480,cup,176,123,325,263
IMG_2705.jpg,640,480,cup,150,122,312,282
IMG_2433_h.jpg,640,480,bottle,346,52,456,274
IMG_1769_h.jpg,640,480,kettle,315,57,588,350
IMG_2119.jpg,640,480,kettle,258,71,430,238
IMG_1734.jpg,640,480,bottle,189,53,290,298
IMG_1734.jpg,640,480,bottle,356,95,458,368
IMG_1765.jpg,640,480,kettle,179,127,422,369
IMG_1765.jpg,640,480,bottle,481,132,570,341
IMG_1871.jpg,640,480,bowl,73,106,330,260
IMG_2541_h.jpg,640,480,bowl,312,245,489,364
IMG_1817_h.jpg,640,480,bowl,185,98,602,315
IMG_1804.jpg,640,480,kettle,110,151,419,393
IMG_1789.jpg,640,480,kettle,184,83,425,337
IMG_2394_h.jpg,640,480,bottle,353,66,467,329
IMG_1779.jpg,640,480,kettle,200,152,452,384
IMG_1704.jpg,640,480,bottle,172,17,312,444
IMG_2525_h.jpg,640,480,bowl,217,142,436,253
IMG_2530.jpg,640,480,bowl,99,112,331,214
IMG_1718_h.jpg,640,480,bottle,330,95,440,353
IMG_1795_h.jpg,640,480,kettle,184,100,479,365
IMG_1754_h.jpg,640,480,cup,399,197,545,405
IMG_1754_h.jpg,640,480,bottle,231,42,313,280
IMG_2206.jpg,640,480,kettle,96,83,362,403
IMG_2712_h.jpg,640,480,cup,390,106,537,253
IMG_2049_h.jpg,640,480,cup,247,102,399,308
IMG_2445.jpg,640,480,bottle,140,87,263,298
IMG_2166.jpg,640,480,kettle,160,140,380,353
IMG_1702.jpg,640,480,bottle,94,81,340,450
IMG_2621_h.jpg,640,480,bowl,267,124,409,210
IMG_1812_h.jpg,640,480,kettle,227,116,530,376
IMG_2531_h.jpg,640,480,bowl,371,132,611,234
IMG_2738.jpg,640,480,cup,201,168,310,316
IMG_2639_h.jpg,640,480,bowl,189,70,367,196
IMG_2442_h.jpg,640,480,bottle,364,53,472,279
IMG_1881.jpg,640,480,bowl,105,125,470,338
IMG_2202_h.jpg,640,480,kettle,259,82,574,378
IMG_2651_h.jpg,640,480,cup,328,150,479,286
IMG_1857.jpg,640,480,bowl,176,299,386,395
IMG_2048_h.jpg,640,480,cup,205,152,395,385
IMG_2210.jpg,640,480,kettle,165,119,358,414
IMG_2062_h.jpg,640,480,kettle,324,183,426,370
IMG_2675.jpg,640,480,cup,220,183,329,331
IMG_2134.jpg,640,480,kettle,169,67,423,270
IMG_2070_h.jpg,640,480,kettle,259,128,452,364
IMG_2188.jpg,640,480,kettle,136,91,365,364
IMG_1720.jpg,640,480,bottle,189,7,329,466
IMG_2138_h.jpg,640,480,kettle,262,91,443,283
IMG_1788_h.jpg,640,480,kettle,214,135,443,373
IMG_2676_h.jpg,640,480,cup,301,172,424,317
IMG_2244_h.jpg,640,480,kettle,185,130,520,397
IMG_1737_h.jpg,640,480,bottle,317,74,367,287
IMG_1737_h.jpg,640,480,bottle,185,82,264,388
IMG_1721_h.jpg,640,480,bottle,309,75,439,459
IMG_2535_h.jpg,640,480,bowl,319,246,509,369
IMG_2213_h.jpg,640,480,kettle,163,96,423,340
IMG_2686.jpg,640,480,cup,150,135,311,288
IMG_2697.jpg,640,480,cup,100,119,266,257
IMG_2184_h.jpg,640,480,kettle,247,94,504,378
IMG_1861.jpg,640,480,bowl,152,313,380,409
IMG_2689_h.jpg,640,480,cup,311,90,483,250
IMG_2254_h.jpg,640,480,kettle,218,90,574,370
IMG_2716_h.jpg,640,480,cup,315,194,483,364
IMG_2148_h.jpg,640,480,kettle,243,135,454,296
IMG_1720_h.jpg,640,480,bottle,311,7,451,466
IMG_2167_h.jpg,640,480,kettle,250,153,483,358
IMG_2718.jpg,640,480,cup,167,184,329,356
IMG_1754.jpg,640,480,cup,95,197,241,405
IMG_1754.jpg,640,480,bottle,327,42,409,280
IMG_1689_h.jpg,640,480,kettle,297,87,484,436
IMG_1774.jpg,640,480,kettle,71,29,448,426
IMG_2674_h.jpg,640,480,cup,319,177,420,321
IMG_2243.jpg,640,480,kettle,156,104,466,386
IMG_2023_h.jpg,640,480,cup,254,250,415,413
IMG_2389_h.jpg,640,480,bottle,305,106,419,384
IMG_1926.jpg,640,480,cup,120,20,349,245
IMG_2085_h.jpg,640,480,kettle,325,79,460,246
IMG_2539_h.jpg,640,480,bowl,312,242,494,362
IMG_2667.jpg,640,480,cup,200,227,356,396
IMG_2250_h.jpg,640,480,kettle,169,83,494,394
IMG_2744_h.jpg,640,480,cup,304,186,440,340
IMG_2515.jpg,640,480,bowl,69,118,302,241
IMG_2724_h.jpg,640,480,cup,419,77,549,231
IMG_2084_h.jpg,640,480,kettle,290,100,419,231
IMG_2516_h.jpg,640,480,bowl,342,132,557,237
IMG_1941_h.jpg,640,480,cup,244,93,476,287
IMG_2251.jpg,640,480,kettle,146,70,488,361
IMG_2131.jpg,640,480,kettle,204,89,378,303
IMG_2021_h.jpg,640,480,cup,324,230,514,393
IMG_1875_h.jpg,640,480,bowl,264,221,563,397
IMG_1773.jpg,640,480,kettle,45,95,327,377
IMG_2052.jpg,640,480,cup,205,120,382,307
IMG_2176.jpg,640,480,kettle,143,181,345,374
IMG_1910.jpg,640,480,cup,202,142,343,337
IMG_2086.jpg,640,480,kettle,222,196,344,344
IMG_2692.jpg,640,480,cup,176,95,303,254
IMG_2641.jpg,640,480,bowl,148,79,319,204
IMG_2728_h.jpg,640,480,cup,333,100,438,270
IMG_2151_h.jpg,640,480,kettle,170,151,369,321
IMG_2399.jpg,640,480,bottle,184,73,278,320
IMG_2030_h.jpg,640,480,cup,287,94,475,302
IMG_1703.jpg,640,480,bottle,179,49,390,444
IMG_1899_h.jpg,640,480,cup,254,34,510,251
IMG_2124.jpg,640,480,kettle,287,79,485,274
IMG_2703.jpg,640,480,cup,173,104,302,287
IMG_1946.jpg,640,480,cup,207,93,418,270
IMG_1879.jpg,640,480,bowl,79,255,418,466
IMG_2611.jpg,640,480,bowl,200,153,356,246
IMG_2286_h.jpg,640,480,bottle,361,89,471,394
IMG_1852.jpg,640,480,bowl,196,122,454,263
IMG_2247_h.jpg,640,480,kettle,204,136,573,401
IMG_2730.jpg,640,480,cup,132,94,320,259
IMG_2085.jpg,640,480,kettle,180,79,315,246
IMG_2282.jpg,640,480,bottle,184,70,291,381
IMG_2023.jpg,640,480,cup,225,250,386,413
IMG_1815_h.jpg,640,480,bowl,206,131,573,345
IMG_2724.jpg,640,480,cup,91,77,221,231
IMG_1800.jpg,640,480,kettle,186,85,376,336
IMG_1897.jpg,640,480,cup,150,29,388,237
IMG_2437.jpg,640,480,bottle,176,65,271,284
IMG_2180_h.jpg,640,480,kettle,254,111,488,385
IMG_2709.jpg,640,480,cup,110,126,324,312
IMG_2288_h.jpg,640,480,bottle,354,107,490,397
IMG_2032.jpg,640,480,cup,213,136,407,336
IMG_1758_h.jpg,640,480,bottle,334,122,452,409
IMG_1736.jpg,640,480,bottle,237,73,307,273
IMG_1736.jpg,640,480,bottle,364,99,448,291
IMG_1710_h.jpg,640,480,bottle,230,131,361,425
IMG_2433.jpg,640,480,bottle,184,52,294,274
IMG_1691.jpg,640,480,kettle,83,74,410,435
IMG_2141.jpg,640,480,kettle,216,116,348,269
IMG_2059_h.jpg,640,480,kettle,255,165,431,345
IMG_2680_h.jpg,640,480,cup,297,197,450,328
IMG_2220_h.jpg,640,480,kettle,156,126,397,364
IMG_1703_h.jpg,640,480,bottle,250,49,461,444
IMG_2686_h.jpg,640,480,cup,329,135,490,288
IMG_2637_h.jpg,640,480,bowl,173,122,364,257
IMG_2055.jpg,640,480,cup,213,115,360,304
IMG_2514.jpg,640,480,bowl,77,143,304,267
IMG_2682.jpg,640,480,cup,205,208,353,346
IMG_2214.jpg,640,480,kettle,233,95,455,354
IMG_1715_h.jpg,640,480,bottle,272,28,395,419
IMG_2182.jpg,640,480,kettle,144,116,403,414
IMG_2064.jpg,640,480,kettle,269,175,435,348
IMG_2542.jpg,640,480,bowl,131,152,340,258
IMG_2168_h.jpg,640,480,kettle,234,135,493,335
IMG_2670_h.jpg,640,480,cup,282,218,418,398
IMG_1731_h.jpg,640,480,bottle,287,119,422,396
IMG_1904.jpg,640,480,cup,197,118,393,313
IMG_1911.jpg,640,480,cup,131,159,335,319
IMG_1878.jpg,640,480,bowl,144,255,394,407
IMG_2037.jpg,640,480,cup,233,96,507,357
IMG_1817.jpg,640,480,bowl,38,98,455,315
IMG_2696_h.jpg,640,480,cup,381,106,526,242
IMG_2257.jpg,640,480,kettle,86,98,418,394
IMG_2640.jpg,640,480,bowl,214,63,376,198
IMG_2295.jpg,640,480,bottle,234,142,361,440
IMG_1821.jpg,640,480,bowl,146,160,439,361
IMG_1751.jpg,640,480,bottle,208,78,315,390
IMG_2718_h.jpg,640,480,cup,311,184,473,356
IMG_1873.jpg,640,480,bowl,91,196,403,378
IMG_1859_h.jpg,640,480,bowl,231,332,464,418
IMG_2660.jpg,640,480,cup,186,243,311,388
IMG_2220.jpg,640,480,kettle,243,126,484,364
IMG_1726_h.jpg,640,480,bottle,300,77,410,407
IMG_1841_h.jpg,640,480,bowl,260,139,514,276
IMG_2713.jpg,640,480,cup,114,112,257,257
IMG_1778_h.jpg,640,480,kettle,153,66,373,378
IMG_2682_h.jpg,640,480,cup,287,208,435,346
IMG_2046.jpg,640,480,cup,229,89,405,280
IMG_2146.jpg,640,480,kettle,148,70,413,284
IMG_1811_h.jpg,640,480,kettle,243,120,442,366
IMG_2073.jpg,640,480,kettle,243,153,382,353
IMG_2698_h.jpg,640,480,cup,378,107,542,271
IMG_2519_h.jpg,640,480,bowl,346,157,596,279
IMG_2025_h.jpg,640,480,cup,316,230,551,451
IMG_2725.jpg,640,480,cup,94,90,229,259
IMG_2545.jpg,640,480,bowl,153,134,353,241
IMG_1753_h.jpg,640,480,bottle,395,230,561,419
IMG_1753_h.jpg,640,480,bottle,227,33,329,265
IMG_1822.jpg,640,480,bowl,134,119,455,325
IMG_2656.jpg,640,480,cup,168,81,274,220
IMG_2122_h.jpg,640,480,kettle,248,142,473,312
IMG_2203.jpg,640,480,kettle,77,79,373,389
IMG_1755_h.jpg,640,480,bottle,366,52,473,343
IMG_2190_h.jpg,640,480,kettle,279,78,467,368
IMG_2063.jpg,640,480,kettle,344,143,501,307
IMG_2035_h.jpg,640,480,cup,242,87,430,345
IMG_2235.jpg,640,480,kettle,173,157,346,390
IMG_1782_h.jpg,640,480,kettle,268,152,463,357
IMG_1868_h.jpg,640,480,bowl,238,106,541,318
IMG_2249_h.jpg,640,480,kettle,205,134,563,374
IMG_2082_h.jpg,640,480,kettle,316,120,526,294
IMG_2665.jpg,640,480,cup,179,209,331,366
IMG_2540_h.jpg,640,480,bowl,307,233,493,350
IMG_2053.jpg,640,480,cup,217,126,409,313
IMG_2039_h.jpg,640,480,cup,227,103,455,332
IMG_2157_h.jpg,640,480,kettle,300,157,497,344
IMG_1824.jpg,640,480,bowl,82,196,475,401
IMG_2432.jpg,640,480,bottle,180,54,269,291
IMG_1869_h.jpg,640,480,bowl,276,50,569,218
IMG_2181.jpg,640,480,kettle,150,115,390,378
IMG_1929_h.jpg,640,480,cup,276,53,455,249
IMG_1733.jpg,640,480,bottle,348,120,442,350
IMG_2048.jpg,640,480,cup,245,152,435,385
IMG_2072.jpg,640,480,kettle,220,157,337,343
IMG_2077_h.jpg,640,480,kettle,239,144,401,337
IMG_2391_h.jpg,640,480,bottle,362,91,465,340
IMG_2236.jpg,640,480,kettle,132,139,418,396
IMG_2553_h.jpg,640,480,bowl,307,126,522,251
IMG_1763_h.jpg,640,480,kettle,218,120,465,369
IMG_1763_h.jpg,640,480,bottle,87,136,167,350
IMG_2071_h.jpg,640,480,kettle,323,188,451,413
IMG_2404_h.jpg,640,480,bottle,346,119,436,357
IMG_1832.jpg,640,480,bowl,95,205,427,402
IMG_1810.jpg,640,480,kettle,216,134,431,357
IMG_1707.jpg,640,480,bottle,229,38,369,419
IMG_2545_h.jpg,640,480,bowl,287,134,487,241
IMG_2667_h.jpg,640,480,cup,284,227,440,396
IMG_2288.jpg,640,480,bottle,150,107,286,397
IMG_1997.jpg,640,480,cup,218,74,373,306
IMG_2699_h.jpg,640,480,cup,307,102,467,284
IMG_2013_h.jpg,640,480,cup,270,120,514,320
IMG_2203_h.jpg,640,480,kettle,267,79,563,389
IMG_2194_h.jpg,640,480,kettle,266,86,497,382
IMG_2685_h.jpg,640,480,cup,294,216,431,353
IMG_2637.jpg,640,480,bowl,276,122,467,257
IMG_1734_h.jpg,640,480,bottle,350,53,451,298
IMG_1734_h.jpg,640,480,bottle,182,95,284,368
IMG_2408_h.jpg,640,480,bottle,371,118,472,358
IMG_2051_h.jpg,640,480,cup,223,73,398,269
IMG_2032_h.jpg,640,480,cup,233,136,427,336
IMG_2390.jpg,640,480,bottle,197,90,300,348
IMG_2393_h.jpg,640,480,bottle,369,74,480,345
IMG_2069_h.jpg,640,480,kettle,254,107,428,294
IMG_2739_h.jpg,640,480,cup,329,181,440,325
IMG_2138.jpg,640,480,kettle,197,91,378,283
IMG_1851_h.jpg,640,480,bowl,170,87,395,218
IMG_2276_h.jpg,640,480,bottle,367,60,456,333
IMG_2520.jpg,640,480,bowl,62,171,298,299
IMG_2738_h.jpg,640,480,cup,330,168,439,316
IMG_1786.jpg,640,480,kettle,93,94,317,323
IMG_2079_h.jpg,640,480,kettle,239,132,394,332
IMG_2431_h.jpg,640,480,bottle,362,63,463,296
IMG_2204.jpg,640,480,kettle,57,90,380,388
IMG_1712_h.jpg,640,480,bottle,309,33,432,456
IMG_1819.jpg,640,480,bowl,70,189,455,398
IMG_2206_h.jpg,640,480,kettle,278,83,544,403
IMG_2164.jpg,640,480,kettle,216,122,392,331
IMG_1724_h.jpg,640,480,bottle,260,143,382,401
IMG_1886.jpg,640,480,bowl,82,151,369,358
IMG_2004_h.jpg,640,480,cup,214,104,483,349
IMG_2253.jpg,640,480,kettle,93,83,434,384
IMG_2185.jpg,640,480,kettle,107,100,392,374
IMG_2188_h.jpg,640,480,kettle,275,91,504,364
IMG_2528_h.jpg,640,480,bowl,311,111,526,213
IMG_2075_h.jpg,640,480,kettle,259,180,424,361
IMG_1840.jpg,640,480,bowl,140,148,396,269
IMG_2534.jpg,640,480,bowl,119,249,306,378
IMG_2197_h.jpg,640,480,kettle,270,106,522,398
IMG_2056.jpg,640,480,cup,247,134,380,312
IMG_2155.jpg,640,480,kettle,139,155,349,339
IMG_1801_h.jpg,640,480,kettle,268,83,487,345
IMG_1779_h.jpg,640,480,kettle,188,152,440,384
IMG_1797.jpg,640,480,kettle,276,87,548,329
IMG_2226_h.jpg,640,480,kettle,189,140,521,382
IMG_2656_h.jpg,640,480,cup,366,81,472,220
IMG_1892_h.jpg,640,480,bowl,221,172,476,342
IMG_2290.jpg,640,480,bottle,173,161,284,454
IMG_2056_h.jpg,640,480,cup,260,134,393,312
IMG_1776.jpg,640,480,kettle,172,95,447,386
IMG_1692.jpg,640,480,bottle,238,81,349,398
IMG_2657_h.jpg,640,480,cup,349,81,461,214
IMG_2715_h.jpg,640,480,cup,291,193,469,346
IMG_2302.jpg,640,480,bottle,245,175,377,447
IMG_2144.jpg,640,480,kettle,137,165,320,336
IMG_2219.jpg,640,480,kettle,265,98,443,368
IMG_2558.jpg,640,480,bowl,179,180,364,290
IMG_2080_h.jpg,640,480,kettle,221,126,415,345
IMG_2141_h.jpg,640,480,kettle,292,116,424,269
IMG_1894.jpg,640,480,cup,157,54,386,242
IMG_2664.jpg,640,480,cup,177,208,329,365
IMG_1756_h.jpg,640,480,bottle,307,73,405,311
IMG_1857_h.jpg,640,480,bowl,254,299,464,395
IMG_1912_h.jpg,640,480,cup,275,177,463,354
IMG_2646.jpg,640,480,cup,192,119,299,259
IMG_1929.jpg,640,480,cup,185,53,364,249
IMG_1816.jpg,640,480,bowl,42,65,491,313
IMG_2275.jpg,640,480,bottle,190,54,275,333
IMG_2180.jpg,640,480,kettle,152,111,386,385
IMG_2397.jpg,640,480,bottle,202,71,284,339
IMG_2262.jpg,640,480,kettle,185,86,401,385
IMG_1909_h.jpg,640,480,cup,260,122,431,307
IMG_1924.jpg,640,480,cup,212,36,339,230
IMG_2613.jpg,640,480,bowl,160,171,319,265
IMG_2021.jpg,640,480,cup,126,230,316,393
IMG_2240_h.jpg,640,480,kettle,205,81,448,385
IMG_2623_h.jpg,640,480,bowl,344,144,512,239
IMG_1721.jpg,640,480,bottle,201,75,331,459
IMG_2533_h.jpg,640,480,bowl,311,263,517,381
IMG_2246_h.jpg,640,480,kettle,194,120,555,398
IMG_2548_h.jpg,640,480,bowl,275,143,485,257
IMG_2254.jpg,640,480,kettle,66,90,422,370
IMG_2652_h.jpg,640,480,cup,324,139,465,282
IMG_2676.jpg,640,480,cup,216,172,339,317
IMG_2621.jpg,640,480,bowl,231,124,373,210
IMG_1697_h.jpg,640,480,bottle,308,56,484,400
IMG_1880_h.jpg,640,480,bowl,239,277,510,427
IMG_2689.jpg,640,480,cup,157,90,329,250
IMG_2072_h.jpg,640,480,kettle,303,157,420,343
IMG_2143.jpg,640,480,kettle,139,164,320,307
IMG_2202.jpg,640,480,kettle,66,82,381,378
IMG_1716_h.jpg,640,480,bottle,295,67,407,423
IMG_1701_h.jpg,640,480,bottle,247,52,440,422
IMG_2681_h.jpg,640,480,cup,308,205,432,344
IMG_2004.jpg,640,480,cup,157,104,426,349
IMG_1735_h.jpg,640,480,bottle,341,77,447,304
IMG_1735_h.jpg,640,480,bottle,189,142,288,392
IMG_2263.jpg,640,480,kettle,180,94,406,377
IMG_2450_h.jpg,640,480,bottle,360,183,446,366
IMG_2726_h.jpg,640,480,cup,332,114,451,267
IMG_2680.jpg,640,480,cup,190,197,343,328
IMG_2256_h.jpg,640,480,kettle,222,96,558,380
IMG_2451_h.jpg,640,480,bottle,346,173,427,364
IMG_1846_h.jpg,640,480,bowl,128,96,402,259
IMG_1713.jpg,640,480,bottle,269,30,386,400
IMG_1771.jpg,640,480,kettle,116,57,381,364
IMG_2165.jpg,640,480,kettle,184,136,380,337
IMG_2542_h.jpg,640,480,bowl,300,152,509,258
IMG_2654.jpg,640,480,cup,155,114,283,249
IMG_2173_h.jpg,640,480,kettle,271,159,528,353
IMG_1786_h.jpg,640,480,kettle,323,94,547,323
IMG_2693_h.jpg,640,480,cup,338,104,459,273
IMG_1740.jpg,640,480,bottle,208,116,303,380
IMG_1740.jpg,640,480,bottle,417,102,500,418
IMG_2223_h.jpg,640,480,kettle,197,176,459,425
IMG_2242_h.jpg,640,480,kettle,181,112,444,398
IMG_1794.jpg,640,480,kettle,53,106,307,325
IMG_2529_h.jpg,640,480,bowl,328,110,555,213
IMG_2397_h.jpg,640,480,bottle,356,71,438,339
IMG_2181_h.jpg,640,480,kettle,250,115,490,378
IMG_1852_h.jpg,640,480,bowl,186,122,444,263
IMG_2167.jpg,640,480,kettle,157,153,390,358
IMG_2150.jpg,640,480,kettle,253,119,429,280
IMG_2182_h.jpg,640,480,kettle,237,116,496,414
IMG_2454_h.jpg,640,480,bottle,300,161,405,369
IMG_2407.jpg,640,480,bottle,175,126,274,370
IMG_2201_h.jpg,640,480,kettle,260,77,551,377
IMG_1778.jpg,640,480,kettle,267,66,487,378
IMG_2662_h.jpg,640,480,cup,332,233,471,377
IMG_1843.jpg,640,480,bowl,181,193,415,312
IMG_2192_h.jpg,640,480,kettle,284,86,459,362
IMG_2690.jpg,640,480,cup,172,100,323,265
IMG_1903.jpg,640,480,cup,146,150,390,340
IMG_2219_h.jpg,640,480,kettle,197,98,375,368
IMG_2559.jpg,640,480,bowl,179,190,358,303
IMG_1802.jpg,640,480,kettle,104,111,382,345
IMG_1895.jpg,640,480,cup,172,66,369,262
IMG_2003.jpg,640,480,cup,185,32,454,300
IMG_1757.jpg,640,480,bottle,255,83,376,376
IMG_2120_h.jpg,640,480,kettle,219,23,362,194
IMG_1752_h.jpg,640,480,cup,438,167,530,312
IMG_1752_h.jpg,640,480,bottle,225,38,356,385
IMG_1898.jpg,640,480,cup,148,42,403,261
IMG_2207.jpg,640,480,kettle,99,122,360,422
IMG_2040_h.jpg,640,480,cup,235,98,512,331
