651
198
198
200
200
200
199
198
203
200
205
201
202
199
199
202
200
199
203
200
202
200
201
200
200
199
202
199
200
198
203
200
201
200
199
203
200
199
199
198
200
201
199
199
199
199
198
199
201
200
201
200
199
200
199
201
198
198
198
202
210
203
206
205
201
203
201
201
200
204
211
200
206
210
200
228
221
230
203
203
199
198
200
217
206
216
202
221
207
210
209
205
204
266
217
218
234
240
204
204
255
212
249
226
208
203
236
217
213
258
233
255
229
253
220
214
261
203
202
260
218
216
211
217
209
206
213
204
200
199
199
200
200
199
205
201
199
200
200
201
199
201
200
255
232
200
199
201
201
255
242
229
222
217
224
207
218
222
205
200
201
200
201
206
229
202
207
207
206
205
240
229
212
199
202
219
230
201
222
222
204
207
227
225
227
232
233
228
216
223
217
247
221
240
215
227
206
241
234
222
254
230
204
209
273
211
209
222
233
205
221
215
219
202
244
232
243
253
225
222
210
215
209
210
208
199
201
202
200
201
201
200
207
211
213
249
210
201
200
251
227
211
228
204
203
261
267
200
200
274
251
230
229
235
237
219
234
232
210
214
285
239
232
238
283
335
252
291
323
309
284
343
330
357
318
306
316
303
325
333
321
319
347
304
359
328
350
291
255
280
276
213
293
218
243
212
257
270
232
251
267
211
203
209
205
231
281
207
212
203
208
283
231
208
206
249
259
215
202
215
204
200
210
205
203
242
202
211
270
272
218
232
211
205
203
224
213
206
233
201
199
211
204
251
257
259
259
203
200
214
214
210
224
228
221
201
201
238
258
202
207
202
204
209
224
207
229
201
204
205
200
204
210
234
232
296
226
305
229
286
208
230
279
203
213
316
260
264
209
208
290
286
336
225
210
215
226
219
249
231
240
231
232
241
233
231
235
244
220
204
200
235
201
213
304
239
210
208
232
202
201
321
233
222
229
222
236
255
234
213
246
216
201
205
203
200
202
210
237
257
247
230
217
219
224
221
233
242
235
221
238
247
220
203
200
202
201
200
206
212
223
223
257
223
204
205
249
207
225
217
269
222
199
222
203
222
235
226
276
206
204
305
209
204
325
212
202
237
235
227
202
207
203
202
209
212
203
203
201
201
205
211
207
207
202
203
206
205
201
207
202
201
203
202
203
201
204
199
208
202
205
213
211
202
201
203
203
203
211
205
201
205
204
224
200
202
201
208
210
199
199
202
198
202
201
199
201
201
202
201
205
200
208
203
205
202
205
204
200
202
201
203
201
210
202
208
204
201
217
204
206
202
206
204
203
201
208
216
215
215
214
199
202
201
200
211
215
214
216
220
207
201
221
203
207
208
201
208
219
206
213
204
212
225
232
233
253
222
205
257
212
237
207
214
199
232
220
222
235
232
295
208
312
307
304
219
296
289
221
252
243
245
279
259
228
201
203
202
203
204
201
201
200
203
204
203
200
201
236
271
219
210
213
233
213
234
245
232
240
232
204
211
268
252
258
230
244
201
201
206
217
212
203
200
202
203
216
203
200
202
201
201
202
201
227
215
333
203
201
203
199
204
288
268
242
261
247
215
296
207
265
238
205
202
204
202
208
206
201
199
229
290
253
258
210
280
242
204
202
278
337
208
236
313
276
212
201
206
210
218
291
237
209
209
268
240
209
206
209
216
208
222
200
204
204
211
283
221
208
207
246
256
204
241
323
256
289
288
254
361
297
317
302
333
307
354
312
285
239
211
255
266
206
205
203
212
284
262
282
303
230
244
272
259
245
230
224
229
247
256
202
211
214
234
226
226
229
215
207
202
275
204
224
209
201
227
202
208
238
242
211
200
279
223
204
204
204
205
207
201
220
203
202
234
206
233
227
224
235
241
237
214
228
214
203
206
207
204
210
240
233
209
207
208
206
201
202
203
203
204
205
206
206
199
202
213
210
203
200
283
205
205
219
274
201
202
202
208
205
207
211
200
199
204
201
199
214
203
204
198
202
200
201
204
202
200
201
201
201
202
203
198
200
201
202
201
200
201
203
202
204
203
200
205
205
200
201
200
205
200
200
206
201
207
201
200
200
218
205
199
220
199
197
212
200
200
200
201
201
204
200
201
201
210
204
200
202
203
201
202
200
201
200
199
203
201
201
201
199
200
202
199
202
202
200
199
200
201
201
202
202
199
199
200
200
202
199
202
202
202
201
200
203
198
202
198
200
213
201
200
201
199
202
201
201
201
200
208
200
202
203
200
203
202
201
200
199
205
199
199
202
