925
198
198
200
200
200
199
198
203
200
205
200
202
199
199
202
200
199
203
200
202
200
201
200
200
199
202
199
200
198
203
200
201
200
199
203
200
199
199
198
200
201
199
199
199
199
198
199
201
200
201
200
199
200
199
201
198
198
198
202
210
203
206
205
201
203
201
201
200
204
211
200
206
210
200
228
221
230
203
203
199
198
200
217
206
215
202
221
207
210
209
205
204
266
217
218
234
240
203
204
255
212
249
225
208
203
236
217
213
258
233
255
229
253
219
214
261
203
202
259
218
216
211
217
209
206
212
204
200
199
199
200
200
199
205
201
199
200
200
201
199
201
200
255
232
200
199
201
201
255
244
229
222
217
224
207
217
222
205
200
201
200
201
206
228
202
207
207
206
205
238
231
212
199
202
219
230
201
222
222
204
207
227
225
227
232
233
228
216
223
217
247
221
240
215
227
206
241
234
222
253
230
204
209
272
212
209
221
233
205
220
215
220
202
244
232
243
253
225
222
210
215
209
210
208
199
201
202
200
200
201
200
207
211
213
249
210
201
200
251
227
210
228
204
203
261
267
200
200
274
251
230
229
235
236
219
234
232
210
214
285
239
232
236
285
336
252
290
323
310
283
343
330
357
318
306
316
302
325
332
322
319
347
304
357
327
353
291
255
279
277
213
293
218
243
212
257
270
232
251
267
211
203
209
205
231
280
207
211
203
208
283
231
208
206
249
258
215
202
215
204
200
210
205
203
242
202
211
270
272
218
232
212
205
203
224
213
206
233
200
199
211
204
251
257
259
259
203
200
214
214
210
224
228
221
201
201
237
260
202
207
202
204
209
223
207
229
201
204
205
200
204
210
234
232
296
226
305
228
287
208
230
279
203
213
316
260
264
209
208
290
286
336
225
210
215
226
219
249
231
240
231
232
241
232
231
235
244
219
204
200
235
201
213
304
239
210
208
232
202
200
321
233
222
229
222
236
255
234
213
246
216
201
205
203
200
202
210
237
257
247
230
217
219
224
221
233
242
235
221
238
244
223
203
200
202
201
200
206
211
223
223
256
223
204
205
249
207
224
217
269
222
199
222
203
222
235
226
276
206
204
305
209
204
325
212
202
236
235
227
202
207
203
202
209
212
202
203
201
201
205
211
207
207
202
203
206
205
201
207
202
201
203
202
203
201
204
199
208
202
205
213
211
202
201
203
203
203
211
205
201
205
204
224
200
202
201
208
210
199
199
202
198
202
201
199
201
201
202
201
205
200
208
203
206
202
205
204
200
202
201
203
201
210
202
208
204
201
217
204
206
202
206
203
203
201
208
216
215
215
214
199
202
201
200
211
215
213
216
220
207
201
221
203
206
208
201
208
219
206
213
204
212
225
232
233
253
222
205
257
213
237
207
214
199
232
220
222
235
232
295
208
312
307
304
219
296
289
221
252
243
244
279
259
228
201
203
202
203
204
202
201
200
203
204
202
200
201
236
268
221
210
213
233
213
234
245
232
240
232
204
211
266
254
258
230
244
201
201
206
217
212
203
200
201
203
216
203
200
202
201
201
202
201
227
215
333
203
201
203
199
204
283
270
245
257
250
215
296
207
265
238
205
202
204
202
208
206
201
199
229
290
253
258
209
280
242
204
202
278
337
208
236
313
276
212
201
206
210
218
291
237
209
209
268
240
210
206
209
216
208
222
200
204
204
211
283
221
208
207
246
256
204
241
323
256
289
287
254
361
297
317
302
332
307
354
312
285
239
211
255
266
206
205
203
212
284
263
282
303
230
244
272
259
245
229
224
228
247
256
202
211
214
234
226
226
229
215
207
202
275
204
224
209
201
227
202
208
238
241
211
200
277
225
204
204
204
205
207
201
220
203
202
234
206
232
227
224
235
241
237
213
228
214
203
206
207
204
210
240
233
209
207
208
206
201
202
203
203
204
205
206
206
199
202
213
210
203
200
283
204
205
218
274
202
202
202
208
205
207
211
200
199
204
201
199
211
206
204
198
202
200
200
204
202
199
201
201
201
202
202
198
200
201
201
201
200
201
203
202
204
203
200
205
204
200
201
200
205
200
200
206
200
207
201
200
200
218
205
199
220
199
197
212
200
200
199
201
201
204
201
201
201
210
204
200
202
203
201
202
200
201
200
199
203
201
201
201
199
200
202
199
201
202
199
199
200
201
201
202
202
199
199
200
200
202
199
202
202
202
201
200
203
198
202
198
200
213
201
200
201
199
202
201
201
201
200
208
200
202
203
200
203
202
200
200
199
205
199
199
202
